antiquewhite2_01
-0.111794972334399
-0.0979845578875287
-0.942628418259167
-1.16510513459454
-0.844094086711024
-0.598172893985042
-0.267553051806242
0.22754928003641
0.197270029855802
0.209648803019157
1.65840648962421
1.85961480475689
antiquewhite2_02
-0.73146154295187
-0.763034391644611
0.72791124490307
1.40524951609382
1.21947853937792
0.611570554084743
-0.15673154415397
-1.00292554871007
-1.05303526614338
-0.984906793001062
0.567457583713122
0.453368235797102
antiquewhite4_01
-0.00310394215541833
0.114763120519484
-0.603526646018567
-1.22713485656451
-1.61918675838435
-0.891299887705663
-0.117904190945596
0.462526005338763
0.414235737314402
0.301996080642319
1.71856397505119
1.47278712535938
antiquewhite4_02
-1.02463827179
-1.18752883651361
0.731699991700096
1.06632830667301
0.899801958875374
1.35856863695681
0.319049580569776
-1.16110288388936
-1.15169896657643
-0.95797907415706
0.438491710192549
0.669007847958846
blue1_01
0.148337379664878
0.269623257314832
-0.216452420348417
-0.828455582593908
-0.951233480697683
-0.975270687865839
-0.644307016087143
-0.173875650432878
0.0286956965871829
0.034660450829947
1.77162308046186
1.8012894131415
blue1_02
-1.24640664941207
-1.2758777621098
-0.279925455122171
0.944226867225802
1.19220775209281
1.09572228119987
0.751528303743131
0.00645361894445296
-0.548855493973052
-0.781057384914531
-0.0973488193114327
0.52000239884292
coral4_01
-0.299590633969488
-0.417002565855675
-1.11291209296096
-1.12918138793149
-0.83416793981641
-0.321737383507071
0.114102203548471
0.370238535001036
0.254272680797716
0.182739661172493
1.61507040194143
1.75941850767677
coral4_02
-0.290162508120293
-0.418245515511913
0.793829788858908
1.22854376383941
1.05752990643752
0.452958666066167
-0.448899136097811
-0.941145918787586
-1.0416148096588
-1.08101832490313
0.705019719095752
0.460523072454345
cornflowerblue_01
0.162175259240219
0.269979445098287
0.139153581146477
-0.535323531359588
-0.767143765897129
-1.04025789312195
-0.862175832487129
-0.492576193869092
-0.278411304173301
-0.122774186194404
1.9165721865832
1.72067783751024
cornflowerblue_02
-1.23183314317558
-1.37561941352189
-1.06088984333658
0.401320852451994
0.861468393631769
1.15015682792586
1.01443669284723
0.367250044056291
-0.237026857658299
-0.404738217212944
0.363812089894391
0.74465001721563
darkolivegreen1_01
1.25727455675616
-1.04621727765958
-0.333442300182189
-1.00776165438052
-1.62881997033735
-0.730881166771281
-0.411699493555077
-0.0431023444252805
0.347799066206372
0.857336074653926
1.03000182317691
1.70951268651791
darkseagreen3_01
0.261517167396812
0.508775667285293
0.269234789849116
-0.389547098646121
-0.602759239959569
-0.649681502185251
-0.969295011732666
-0.735042715496942
-0.616903699428174
-0.534548420658035
1.98584129780452
1.55965128300414
darkseagreen3_02
-1.04955782855857
-1.25712073101025
-1.14336515549925
-0.417467790710279
0.77889485078978
0.730686660081061
0.800270949787563
0.697446162501743
0.741316811125916
0.453075857421163
-0.525549039286884
0.84088885112055
darkviolet_01
0.374369485585772
0.641402989273102
0.785286758508085
0.107815894832905
-0.276939488885136
-0.766425901344352
-1.0657770914706
-1.07706311467686
-0.864605565859483
-0.635467877840023
1.80384530830897
1.09090316827736
darkviolet_02
-0.910480394850891
-1.08567353886629
-1.51985604739337
-0.622568880013353
-0.103563393576662
0.316113912656951
0.596523895503813
0.438663862291292
0.295100582668653
0.133070349188246
1.01639708921257
1.64871159700598
green3_01
0.39805970548252
0.851230646702882
1.26018978877979
-1.01119139221495
0.503062728448213
-0.91908347733276
1.08150043390835
1.23808388920807
0.110683011050095
-1.43488780067301
-1.5269957155552
-0.55065181780401
grey_01
0.319004244375927
0.540536150537545
0.547067911316036
0.513675290499806
0.43221536207213
-0.921242102424032
-0.743657420053144
-1.08309999583301
-0.740420073038028
-1.42433187204833
1.18407708299709
1.37617542159802
lavender_01
-1.02583609997731
-1.24804102730857
-1.71007158960396
-0.572108175049024
0.129956363026264
0.912907794417296
1.07827994884092
0.793809350076277
0.311234235576475
0.113657255346813
0.441158574073134
1.00951703788789
lavender_02
0.0672399031867329
0.218834588018572
0.401275937779014
0.0326364959508904
-0.366404451681741
-0.867011336380641
-0.97305485934974
-0.817081801347995
-0.627676773130083
-0.45104079442791
1.89936910642632
1.59416932397096
lightpink_01
1.00683212614204
-1.13153701830413
-0.270261077671883
-0.671887576040001
-2.39723838106043
-0.10165580418769
-0.256870760778331
0.258347684983894
0.844955583431625
1.0498196927553
0.680946467866065
0.794909870613703
lightpink3_01
0.0170928185507693
-0.0982812254541402
-0.200019140885955
-0.691149941209925
-0.564437184327208
-0.846722228972273
-0.617574803547753
-0.410172166366664
-0.163788011500518
-0.121828952293674
1.81124887987082
1.88441799136722
lightpink3_02
-1.12382386158108
-0.914251244305506
-1.3713346002802
0.38761466572096
1.34113964267661
1.42229070454517
0.0731543009802676
-0.407665740590985
-0.259565052680852
-1.25772311366421
1.08348502124391
1.02667927793592
lightskyblue3_01
0.00724666387653405
0.335977187800869
0.0517564947458359
0.175632224412449
-0.365766093466133
-1.19961563760646
-1.38614870625759
-0.571046990713562
-0.289859533720634
-0.312149616579886
1.93692493442804
1.59177536731795
lightskyblue3_02
-2.35083583340587
-0.816587488814231
-0.745238868567721
0.282990892715327
0.697926131028368
1.74791469139368
0.799129847690085
0.0514873908516486
-0.654408532863829
-0.0509813722683401
0.425688133208348
0.612915009032525
lightskyblue4_01
-0.0729576432039022
-0.0901271125196052
-0.614803488766265
-0.99222377176189
-0.904458645491073
-0.754400630640526
-0.409465399107562
-0.0259299979199264
0.115493238592587
0.163276000844965
1.73419386013617
1.96416372814377
lightskyblue4_02
-0.782726015634168
-0.525261964266048
0.393068190873655
1.26226956776511
1.29233646955212
0.833134230597857
0.0469991327349175
-0.919564303378988
-1.01663081419434
-1.02345962989703
0.553943830317844
0.519732381872373
plum3_01
-0.128549599715158
-0.172426964299475
-0.750300025580404
-0.605348311279781
-0.540667751398945
-0.556933156801415
-0.398500739508273
-0.237896790936645
-0.0319950227166742
-0.127863780104569
1.66388772413987
2.03487155521308
