V3 V4 V5 V6 V7 V8 V9 V10 V11 V12 V13 V14
GS1_SS_00125_11304 -0.504436735541789 -0.833861020157931 -2.06804214280432 -0.369883154501393 0.646228371286427 0.942246249575299 1.00905906222984 0.703761626627838 0.507962967320779 0.436510376009672 -1.51126870401648 1.04172310397206
GS1_SS_00154_16809 -0.187846272268633 -0.6686375393344 -1.33086411813978 -2.19249721323972 -0.524621722010553 0.21145912208911 0.526570654011374 0.298853336020676 0.813371384237497 0.471179955040664 1.16257896863729 1.42045344495648
GS1_SS_00180_12338 -0.897194087597916 -0.780576602349247 -1.41183212032574 0.101660025184166 -0.436301504593392 -0.182278199769116 0.347570809295491 -0.0149574600645032 -0.118899131699187 -0.533398236876523 1.62301117513474 2.30319533366122
GS1_SS_00416_08793 -1.37954073458728 -1.80066305508417 -1.15388732932681 0.782058228425655 0.0104063463590994 0.463173696719918 0.911072580947824 0.548371854045878 -0.250056591751694 -0.605454619454272 1.04325143645638 1.43126818724947
GS1_SS_00622_13801 -0.695510101011679 -1.35954476955093 -1.78095138612392 -0.742333058408678 -0.620309593677106 -0.0726228798819104 0.614113828607402 1.14051737994942 0.350202614187956 0.931942387908241 0.675976887471315 1.55851869052989
GS1_SS_00702_05940 -0.702612893971566 -0.329207236772075 -2.03128448002607 -0.42165232666127 -0.1479423546364 -0.42165232666127 0.171990162333067 0.232713897848518 0.0706630932192241 -0.102082339456074 1.94077288221298 1.74029392257093
GS1_SS_00786_13049 -1.07971032553135 -0.87571782133279 -1.86208157692818 0.182643288685623 0.13944487603181 0.228241613153536 0.0225691706851054 -0.207942359059268 -0.126465352970549 -0.00454983281423259 1.70706727300239 1.8765010470779
GS1_SS_00985_09355 -1.85498032986417 -1.29284128716609 -1.16565340320368 -0.187405851245853 -0.110465032552541 0.0826721245755691 0.759437284918784 1.23207374260627 1.45190465315859 -0.256495565990868 0.279734833677828 1.06201883108616
GS1_SS_01084_16996 -0.294544932592191 -1.01518736781415 -1.06181717244616 -0.957959880311229 -0.449271102507494 -0.00840749507758952 0.14080787974484 -0.128373265176304 -0.408999907598031 0.147378443124804 1.65479285468321 2.38158194597029
GS1_SS_01105_12367 -0.139545728376364 -0.727088381318355 -2.73913497967032 -0.0205761681003663 -0.0581455029243658 -0.477669741792359 0.497045778363626 0.395817292865627 0.596187078593624 0.454258480369626 0.728723343111622 1.49012852887801
GS1_SS_01126_14202 -0.998057105770923 -1.03127275886889 -1.55100003675474 -1.22861281550976 -0.438275657972818 -0.0875574384972166 0.675425651782574 1.39933150312358 1.42863943232767 0.599225035851941 0.261109225934099 0.971044964354487
GS1_SS_01275_05539 -0.806563043331627 -0.504864294307957 -1.96820584569488 -0.576697329789783 -0.580802074674459 0.00753100964612202 0.208129892160228 0.371498738570324 0.387917718109027 0.00931041655362897 1.36710461034844 2.08564020241093
GS1_SS_01277_01672 0.177084525905218 -1.61677126218326 -1.8417273432514 -0.37967372909892 0.286505223420482 0.305814758276117 0.511783130069555 0.53109266492519 -0.595296868320175 -0.405419775573099 1.50751147745846 1.51909719837184
GS1_SS_01282_07801 -0.792938764497353 -1.02672906361205 -1.69296384663833 -1.34160270346017 -0.463199845514772 0.142762987566331 0.938190560161196 0.774672489682129 0.361958285349014 0.404391900332838 1.41293352015538 1.28252448047579
GS1_SS_01285_13478 -0.905684868105531 -0.848508500867328 -2.20056142026483 -0.929228078144791 0.106673163582647 0.614533837286683 0.760838071102084 0.441323077712128 0.158804557241008 0.237842476658524 0.948511088272185 1.61545659552722
GS1_SS_01422_20757 -1.08606259459793 -0.892267038684548 -1.25060599112817 -1.41332112769695 -0.389495549286613 0.46064533278626 1.03471896068063 0.616047429509258 -0.0933174355321925 -0.020187037074311 1.37989444140183 1.65395060962274
GS1_SS_01721_09264 -1.31639020305047 -1.4167670602875 -1.69280341768932 -0.522158320162491 0.323516702059465 0.704948759560169 0.200178638729468 0.657269752372581 0.561911737997405 -0.184641137702986 1.1260296756695 1.55890487250418
GS1_SS_02034_17140 -1.616216544582 -1.25749206676454 -1.41337757283181 -0.6110367512422 -0.0742647315551404 0.620646560551969 0.973736622487474 1.26296997109422 0.547399154086625 -0.401060852708214 0.75718723875788 1.21150897270574
GS1_SS_02064_08249 -0.880794425901054 -0.734716937896811 -0.3750355759241 0.309874910284472 0.757754000863518 1.262134761331 0.752241642825622 0.155528885223385 -0.318533906035667 0.33330243194553 -2.45870691424877 1.19695112753288
GS1_SS_02123_09156 -0.735419732174472 -1.26487413307365 -1.82659776382446 -1.09755220050957 -0.552560763015164 0.185567990924631 0.863699880473595 1.08838933277392 0.677255441330771 0.705939201198898 0.680123817317583 1.27602892857792
GS1_SS_02175_18224 -0.959365361838506 -1.1445740860941 -1.21818268163159 -0.549531697652401 -0.0665643320935718 0.284857349827307 0.519929961382489 -0.232064948511715 -0.488032903316247 0.0379123841531758 1.74230754146944 2.07330877430572
GS1_SS_02355_01484 -0.712701940553384 -1.18188097770755 -1.64165553527511 -1.03558907302697 -0.147388223180544 0.69901493961428 1.77530538119288 1.12430640536427 0.168069370419616 -0.522522464468621 0.658575677391861 0.816466440229265
GS1_SS_02511_03168 -1.03596199701691 -1.47495785918457 -0.790306281399768 -0.833523490628709 0.342439518390373 0.0512920035848748 -0.0237694650759176 0.199140350947042 -0.219839119577745 -0.00784733535999196 1.77679594679933 2.01653772852199
GS1_SS_02606_14711 -1.06252611104499 -1.32911603500136 -1.92731781558638 -0.20423659977084 -0.351998941768606 -0.0335540265060934 1.00842244456726 0.925519480410102 0.458987113486461 0.130626353491425 0.820183949481001 1.56501018824202
GS1_SS_02760_21595 -0.914548328582061 -1.58199725283705 -1.50038777738229 -0.765902498289467 -0.509415575431656 0.0735092492451859 0.873573571114152 1.04407908233213 0.472812754148823 0.394117902817449 0.753199594818384 1.6609592780464
GS1_SS_02861_05161 -0.978574522247851 -1.37747787504996 -1.64058434179178 0.601478829099519 1.20832116368146 0.304423140842628 0.382223440148004 0.516605775311836 -0.704151648334342 -0.250080810570236 0.0496625243899319 1.8881543245208
GS1_SS_02869_11057 -0.827737700127833 -1.35447384965287 -0.197642004280903 -1.48367328255524 -0.384484261093558 0.570597700592403 0.733587754407698 0.650105043916937 0.828996566397138 1.18181040239976 -1.21533599883493 1.4982496288314
GS1_SS_02929_14326 -0.538191480520769 -0.737951955296013 -1.33723337962175 -0.646395071024026 -0.673445968649841 -0.454957949364417 0.104787547662049 0.108949224219866 -0.226273822512341 0.389862391872554 1.88348810847329 2.1273623547614
GS1_SS_02935_00010 -0.0625307765983283 -2.27753513880699 -0.0113027021419605 0.499758326363233 -0.105220838645301 0.191170163566541 1.01569821910237 -0.235486513691494 0.879090020552051 0.763216994995981 -1.71646575190392 1.05960799720782
GS1_SS_02983_13842 -1.16636939400143 -1.23179756453648 -1.47619102506446 -0.92005157551653 -0.263845512209114 0.450091289805701 1.16787680773434 0.796475722050085 -0.173400688234191 0.224941408846851 0.857092997692852 1.73517753343237
GS1_SS_03178_05437 -0.942579732630248 -0.499049035795821 -1.41614115372951 -0.0393479489726376 0.411112914999828 0.0830850037993659 -7.7001857089334e-05 -0.487498757232424 0.40418274786179 -1.20130597245033 1.7093642255256 1.97825471048147
GS1_SS_03260_05252 -1.24894276149194 -0.950799021337204 -0.969433005096875 -0.70079307256162 -0.0687904567127848 0.452961088557998 0.300783554520687 -0.0750017846326751 -0.404823297178849 -0.228732150649959 1.9076540873963 1.98591681918692
GS1_SS_03277_13977 -1.01012265472613 -0.868760155313173 -1.47589396689445 -1.04818178918346 -0.609595573056092 0.566612915649119 0.481432948054135 0.457872531485309 -0.126607033395169 0.247641122101943 1.74463374409039 1.64096791118756
GS1_SS_03329_03895 -0.722948760970674 -1.14105390121725 -1.93426755381269 -1.06988706883485 0.0672996069421712 0.150327578054965 0.712249025407627 0.755245653305324 0.242251403215559 0.273386892382857 0.836939246310948 1.83045787921601
GS1_SS_03400_01348 -1.08720539465943 -1.0522538897678 -1.87710940521015 -0.721379643460422 0.529884231659752 1.0192053001425 0.772214665575018 -0.58087459379609 0.117456473938577 0.46231132220261 0.846078845912653 1.57167208746279
GS1_SS_03411_11137 -0.356809676676898 -0.0615724918380929 -2.4292970202493 -0.835598927089828 -0.780047719942527 0.35020568701603 0.68040517005943 0.742560366867599 0.633788772453303 -0.374290825779195 1.09723345865422 1.33342320652526
GS1_SS_03435_21394 -0.543003380369161 -1.01398072716005 -1.73522637119965 -1.34307368495954 -0.0621729510094249 0.225537060000909 0.237360759083525 0.318156036148071 0.201889661835676 0.448216726056852 1.44101332569388 1.82528354587892
GS1_SS_03494_07454 -0.552720921349068 -0.988027057666862 -1.92028563805206 -1.20170904465171 -0.0311855938232303 -0.116280190410115 0.460472075345434 0.433998200851737 0.895400013456176 0.207079276620046 0.976523528869006 1.83673535081064
GS1_SS_03655_14809 -0.573731422533741 -1.56082571859824 -1.23179428657674 -0.828730782350404 0.142220409080544 0.980942093767851 1.04674838017215 0.95934940604144 0.793805466805622 0.660136447546887 -1.39631000258749 1.00819000923213
GS1_SS_03663_13073 -0.747340203465974 -2.53424600517489 -0.39902753854232 0.140547938836452 1.08696909701954 0.101182424635021 -0.0298161137232477 -0.149643914543728 -0.0347625657695007 -0.119140793591834 1.29616279814232 1.38911487617816
GS1_SS_03742_05966 -0.475508850355553 -1.09676331614531 -1.28371373594303 -0.552884858549537 -0.478004850619875 -0.358196837932417 -0.418100844276146 -0.235892824980636 0.667659270703945 0.375627239778266 1.85800179675913 1.99777781156117
GS1_SS_03787_10187 -1.30809930581023 -1.35946881978909 -1.709542544682 -0.576939890177912 0.457489915388817 1.13290389548113 0.817076513240778 0.177811450392846 0.0256054830481005 0.0484363781498123 0.724611388078845 1.57011553667891
GS1_SS_03830_12886 0.112480016532808 -1.7185272153818 -2.23935733823994 0.130998420901097 0.421505889428636 0.885623398908888 0.804605379797622 0.634467539663964 0.113637416805826 0.217803441377453 -0.610895154103495 1.24765820430895
GS1_SS_03860_02041 -1.01723755606255 -0.337625840545032 -2.08994443900772 -0.582618251230574 -0.0428044649742959 0.47486311466634 0.717087249524926 0.843043799651391 0.14682242917214 0.2359609108001 -0.448356873623243 2.10080992162852
GS1_SS_03861_09670 -1.16770926578915 -1.3686731036057 -1.48350958235801 -0.486892998900434 0.107795908924047 1.04289295019289 0.852182369407793 -0.0437472300008813 -0.33432453427236 0.0306914160474933 1.02546241323941 1.82583165711491
GS1_SS_03902_04346 -1.27777682981776 -0.872289256853869 -1.35228950348206 -0.802975141817307 0.011465709862298 0.0166642684900401 0.124967573234668 0.122541579208389 -0.236332251393412 0.617964216432216 1.7533294207311 1.89473021540569
GS1_SS_03908_11069 -0.963801589544236 -0.963801589544236 -1.54520935824679 -0.813954226476567 0.115099424542977 -0.548224902636569 0.201011912701773 0.416792115519216 0.181032264292751 0.352857240610344 1.6413447665082 1.92685394227313
GS1_SS_04150_09801 -0.95246308526457 -1.02263149611976 -1.50503932074919 0.380736720984049 -0.292441470657935 0.0869065005279391 0.080328212010265 -0.206923719928171 0.172424251257702 -0.49088650760777 1.56460937788147 2.18538053766598
GS1_SS_04166_08625 -0.772386540196048 -0.0303382288333518 -2.61589830246758 0.0551041299218022 -0.223512257323265 -0.290380190262081 0.632768772809909 0.240848388085181 0.714496246401795 -0.303382288333518 1.30887787252461 1.28380239767255
GS1_SS_04194_01308 -0.234491905651086 -0.897734604161203 -1.86604424220949 -0.87303282768038 -0.34194463334267 0.977130230733318 0.62512991588158 1.07964260312874 0.701705422972133 0.562140385855479 -1.17439450074643 1.44189415522002
GS1_SS_04209_16761 -0.188379092471566 -1.19608642721048 -1.96251172405417 -0.918307946608409 -0.0930828254037006 0.78485937971089 1.39718858512569 0.614542647078961 0.138061311739633 -0.726904380412526 1.18632024948615 0.964300223019531
GS1_SS_04244_17610 -0.907760841837499 -1.96275789179062 -1.24095617827743 0.0300953239697141 -0.346602539984984 0.132168293557439 0.620660362298693 0.309580835936103 0.241532189544287 0.0811318087635765 1.03697225968863 2.0059363781321
GS1_SS_04340_10557 -0.344096770324821 -1.87347581706311 -1.65250243941932 -0.97944591301806 -0.132043418934545 0.267330483779457 0.662649829105499 0.642377042165702 0.723468189924889 0.305848778965071 0.807802983594445 1.57208705122479
GS1_SS_04379_02634 -0.851753254048478 -0.647515869911579 -1.56033193370711 -1.23105125315986 -0.24883615985659 0.702951731320166 0.709203896140683 0.171517721576192 -0.107745640406915 -0.31385867398997 1.64952948514649 1.72788995089697
GS1_SS_04435_13030 -0.489156364816617 -1.51345705399938 -1.31106883336146 -1.06233216524921 -0.870758582355295 -0.0910232010120935 0.839499129447606 0.621661426318239 0.609301840325083 0.873487990928784 0.57824838051728 1.81559743325707
GS1_SS_04478_18267 -1.12763522008697 -0.961230416188133 -1.93469851899633 -0.615732442093174 0.842181646065507 0.471930957390596 0.280565432906934 0.205683271152458 0.0912799684720075 -0.268570419959226 1.51008892771446 1.50613681362186
GS1_SS_04479_21426 -1.58182499062935 -1.65436679682511 -1.04730641866054 -0.0985359534159157 -0.350523280201209 0.75669376173417 1.04304299671746 0.329078904159127 0.453163572651885 -0.214984642309119 0.585647818704153 1.77991502807445
GS1_SS_04595_07304 -1.05110046696553 -1.57639836436558 -2.1517246329466 0.0495236990155356 0.75255396771636 0.547174338657692 0.927653266849711 0.487930214890769 0.297032482752904 0.0310921938436039 0.454226891147808 1.23203640940333
GS1_SS_04718_20859 -1.11331969556179 -0.987757323881887 -1.63649624422804 -1.44815268670819 -0.0994035442465882 0.141153032830155 0.997174501757879 1.23051124246303 0.944856846891254 0.262739262740193 1.01192808043027 0.696766527513717
GS1_SS_04766_09716 -0.790522750093194 -1.5324365321719 -1.4631657669424 -0.194794169119504 -0.213903345734539 0.173057480719903 0.629289072403844 0.397590305946555 -0.319003817117226 -0.156575815889436 1.54844046758699 1.9220248704109
GS1_SS_04857_17845 -1.06209972186294 -0.660028833473344 -1.28453389681236 -0.183625511936096 -0.293434788176951 -0.116050572710955 0.0247305506747566 0.337264644591036 -0.197703624274667 -0.577812657416088 1.76957179391726 2.24372261748034
GS1_SS_04896_09537 -0.0335703726101437 -0.626052896791336 -1.38656913869611 -1.63752858724431 -0.928295363086346 0.0460819741029816 1.45036375793575 1.59221040276735 -0.192875066036394 1.13721001126908 0.322901157132021 0.256124121257456
GS1_SS_05181_08285 -1.281598786545 -1.21206068579288 -1.94916455376534 -0.231573465188013 0.632089746153297 1.24124350874185 0.180648396070545 0.415130871806688 0.131971725544062 -0.188459842721699 0.756980175104102 1.50479291059238
GS1_SS_05296_04047 -1.28680616411387 -0.649907556797364 -2.18164259512286 -1.02153361557705 0.405070366646293 0.66056328205733 1.00896271216329 0.906276564342585 0.205810341708499 0.308496489529203 0.515091239311333 1.12961893585261
GS1_SS_05480_13591 -0.301440564240089 -0.571986542340165 -2.35549384380095 -0.758508720281781 -0.344962405759799 0.245158237213579 0.612873388012764 0.412139996513692 -0.0337368288515033 0.111928110112425 1.12607583760641 1.85795333581541
GS1_SS_05603_12739 -0.712768377918304 -0.620425916001762 -2.42110392337432 -0.45672791533153 0.410032011294188 0.521262704057294 0.370156857284772 -0.111702898534271 -0.0598651983220305 0.114116394697999 1.36283832288759 1.60418793926037
GS1_SS_05605_12243 -0.556201826600545 0.177552116569245 -2.21111248820943 0.0728948743803911 0.282785982682005 0.914189179358564 1.0842932369107 0.383695169365473 -0.0751533180823545 -0.997319128388278 -0.782526716733467 1.7069029187477
GS1_SS_05759_18064 -0.577202865292116 -0.703089484588078 -1.51944513699219 -0.80608762764841 -0.388372936348173 -0.420798277681982 0.208634818797828 0.361224660368691 0.147598882169483 -0.191341303419797 1.72995553925933 2.15892373137542
GS1_SS_05924_14862 -1.11125265349858 -0.623755984218368 -1.05730834993069 -0.809564140952219 1.1643977821988 1.71582844089281 0.984583436972491 -0.531850874436033 0.389198160556496 -0.823549701136487 -0.641737418740999 1.34501130229278
GS1_SS_05947_12849 -0.390718182576409 -1.00079099117669 -1.95067634137516 -1.03854794024315 -0.174112527405627 -0.20988226862649 0.533333465629221 0.352497551679302 0.525384634246807 0.191533716185418 1.29185070029608 1.8701281833667
GS1_SS_05948_17397 -1.6383549018187 -0.429711488415668 -0.521701261951628 -1.83000026335196 1.35131273810001 0.290875070949357 0.318983057307567 1.36153382404845 1.18522009143786 0.0787875375192254 -0.414379859493007 0.247435455668486
GS1_SS_06042_19517 -0.205806896120518 -1.16702590517075 -1.49904116675091 -0.786253157624283 -0.143118699878112 0.144782645827756 -0.124544419509991 0.0628236337034242 -0.100862212040638 -0.0890211083059607 1.86777932847553 2.04028795739445
GS1_SS_06083_12784 -1.25254621287064 -1.30810269811893 -1.17426207456622 0.0227276530561204 -0.323237732353714 0.169194750528897 0.373743628033981 -0.0681829591683615 -0.0126264739200669 -0.00505058956802678 1.21441426163204 2.36392844731493
GS1_SS_06239_01465 -0.711580689603468 -0.364380856145035 -2.24116895934131 -0.977647915930721 -0.586302399180322 -0.144845566260666 0.610403556004585 1.01010095878319 1.06259852810337 0.278714368027113 0.652878862090908 1.41123011345235
GS1_SS_06523_12205 0.171827557744803 -0.594494360319572 -0.964820127189701 -0.780487570586184 -0.727346653367152 -0.543014096763635 1.31359669857629 0.968180736652583 0.544714052563423 -0.333771735213697 -1.22056079130629 2.16617628920913
GS1_SS_06609_20813 -1.36285573539204 -1.50994375125572 -1.40975336363843 0.171975734489896 0.21247823161178 0.49599571146497 0.617503202830623 0.23379533536014 -0.218766777217546 -0.32791034840915 1.26064022291865 1.83684153723682
GS1_SS_06624_01251 -0.993902200847263 -1.22668968880085 -2.40799932916232 -0.258479042386935 0.621712454352984 0.715522337558159 0.657615002246322 0.703940870495792 0.400506433461767 -0.0054239870742087 0.742622970484099 1.05057417967245
GS1_SS_06661_12550 -0.494449092052688 -1.23815997341505 -1.43111267059471 -1.24939993635755 -0.545028925293957 0.994845997829119 0.408494597661816 0.342928147163875 0.0267105230480899 0.0222145378710882 1.44219652294079 1.72076027119918
GS1_SS_06981_05103 -1.41545502020202 -1.80203150421006 -1.47814309868981 -0.367519308147761 -0.000773152968016098 0.487128161902468 0.834002196201583 0.845495010591011 0.860122228904829 0.421305679490286 0.279421661846251 1.33644714528123
GS1_SS_07033_20258 -0.487364094102873 -1.3337183980733 -1.91216198711783 -0.810074727990876 -0.605559997746648 0.202828349295776 0.442801850633137 1.08213423852446 0.863650901485971 0.315651711864834 0.602366320552233 1.63944583267511
GS1_SS_07117_15067 -1.30155557380424 -1.33496520157307 -1.75815381997827 -0.86166214151463 0.423494873326409 1.15962033849966 1.14068821609732 0.719726906210046 0.318811372984071 0.0262543991550065 0.444431573394877 1.02330905720282
GS1_SS_07164_10628 -1.62018783312733 -1.09673657284299 -1.20177120072899 0.04486930073764 0.400781720148073 -0.490635113566398 0.699183376093056 0.86276189493191 0.824880553727123 0.122353862292887 -0.5646759168303 2.01917592916532
GS1_SS_07179_02389 -1.31066469019016 -1.39849624605225 -2.05008383488964 0.427583078150348 0.12732171276133 0.349964493900125 1.06895769537587 0.0415327512216102 0.155918033274569 0.345879305255377 1.11123939784902 1.13084830334381
GS1_SS_07224_21855 -0.457546649212714 -1.46367017104172 -0.799529521164444 -0.0184208165326657 0.884612216360165 0.993650233504195 0.763679142800422 0.308693234899424 0.967877611270151 -0.720229145059695 -1.81060931649999 1.35149318067687
GS1_SS_07241_15128 -0.459525352787394 -1.3072955958929 -0.447238827524995 -0.299912220060415 0.441858818735854 -0.420431863316125 0.0196491324461542 1.03049507448895 -0.337777057005443 1.63365176918852 -1.59435350429622 1.740879626024
GS1_SS_07321_15808 -1.09996314078687 -0.0791187469754805 -1.44194506801224 -1.46650730587925 -0.26484705330837 0.188798586066266 0.222241017623663 -0.0384965843492637 0.651513359422569 -0.114828462028294 1.59508117409851 1.84807222412876
GS1_SS_07363_13481 -0.374418385333418 -0.95158101028122 -1.8705716774245 -0.764590353443133 -0.0348707170018181 0.318587231899444 0.156680687564027 0.0677461068727419 0.213690034161005 -0.360052029990979 1.5926321096487 2.00674800332915
GS1_SS_07376_13098 -0.495729217561362 -0.865458180125684 -1.32467568139984 -0.76419483369087 -0.0150815662277432 -0.359141447951612 -0.0240304200987268 0.0306046877451731 -0.200888032127903 -0.100919914542836 2.06199451645845 2.05752008952296
GS1_SS_07407_00879 -1.22288261188198 -0.46453430094971 -2.24596342408516 -0.723751541777468 0.37654291662972 0.434453151282729 0.128631959710406 0.908765549393096 0.857749390294016 -0.359744352529977 1.23526896762721 1.07546429628712
GS1_SS_07570_13610 -2.58768838528139 -0.731093448563501 -0.458400964454541 0.0281999952129446 0.802189441126999 0.147400901440215 0.230678246886663 -0.111967207397314 0.469080059341203 -0.393085399398503 1.47657265033059 1.12811411075663
GS1_SS_07804_03675 -0.877319357880129 -0.592171677842305 -2.09888648231401 -0.6327983011875 -0.434371505394188 0.600326993772189 0.678188920966984 0.832182510307799 -0.425720180150322 0.183333117017846 0.978216880424258 1.78901908227938
GS1_SS_07926_10374 -1.42830703571238 -1.39870169263127 -1.49409668700372 -0.291790809654452 -0.418435888390285 0.49932974712393 0.933541445646785 0.897357137436547 0.209526333185571 -0.153632541942635 1.22548302325211 1.4197269686898
GS1_SS_07948_19304 -1.40555682676063 -0.921941106417051 -0.581742461761568 -1.5206240153941 0.663984928226892 -0.419981341508715 0.724019983166095 0.819075486819833 -0.465841452920606 0.137010557093889 1.31202999348729 1.65956625596867
GS1_SS_08024_16075 -0.557748416140112 -1.06766533937586 -1.60329235958148 -0.519183270685307 -0.97125247573885 0.147136742450484 0.303539832350525 0.417092760634116 0.0357263222477149 0.365672566694377 1.28245177447832 2.16752186266608
GS1_SS_08040_17764 -0.713968590555072 -1.15332824423443 -1.76843175938553 -1.40596004510006 -0.507469553325775 0.729327871781613 1.17857311766876 0.944614102084498 0.668915919400702 0.402004929790493 0.647497136283833 0.978225115590969
GS1_SS_08114_14511 -0.143167200943057 -0.867380084856012 -0.9518528162611 -1.11516676364427 -1.23342858761139 -0.139225140144153 1.59922367217256 1.41338366308137 0.853047878094282 0.441496730688693 -0.940589785407089 1.08365843483017
GS1_SS_08191_08901 -1.20935403721052 -0.759558063623032 -1.39433506530927 -0.533686492470872 0.291913043464609 0.130882190582854 0.605407206874072 0.258811175278517 -0.163724436273369 -0.821867462561559 1.91935665699026 1.67615528425832
GS1_SS_08313_05913 -1.37571892195417 -1.10517927558188 -1.49237363185782 -0.18186965677 -0.124783309370342 0.160648427627953 -0.109891218744344 0.217734775027612 0.346799560452928 0.510612557338906 0.812177392515365 2.34184330131579
GS1_SS_08335_03755 -1.20603653294249 -0.405864856091593 -0.86763059460763 0.0825732716528076 0.77605539159025 0.706040369865797 1.00777177301166 0.275447986260409 -0.460876658875092 -1.26271536005276 -0.855961424320222 2.21119663450887
GS1_SS_08629_12568 -0.594556626091941 -0.49291437064267 -2.31944087155195 -0.778119505336146 -0.655238569643744 0.39000790803607 0.379388567914505 0.434002317111128 0.726792694748579 0.141211939473676 1.13639581372325 1.63247070225925
GS1_SS_08691_16003 -0.807516574224713 -0.608790937071662 -1.83314295580274 -1.38348409885474 -0.249097533824641 0.260212696580659 0.659348086455854 0.243371540889723 0.208005113938756 0.391573710969964 1.46806038273462 1.65146056820892
GS1_SS_08819_10704 -0.967599912509084 -0.894551228833178 -1.4523775405401 -0.682488686525548 0.362771568982416 0.601839988285381 0.0683632378037645 -0.294666584100738 -0.430138688372418 -0.0135398317722512 2.03005243397309 1.67233524360866
GS1_SS_08834_11132 -0.69026981376739 -0.686475228665298 -2.0980608866437 -0.447416367233472 -0.356346324783252 -0.0660605644731782 0.40370907116587 0.305467262872696 0.0895174247126132 0.0914147172636595 1.52804463691587 1.92647607263558
GS1_SS_08925_09659 -1.87115994669805 -0.98790573797485 -1.04428366619122 0.442684190515659 -0.304323358351306 0.59772349311069 0.762159117075116 0.37456086058754 -0.306672438693655 -0.610173618925139 1.11640043270134 1.83099067284389
GS1_SS_09022_16527 -0.850964958950939 -0.932702251482246 -1.73013925178768 -1.10813839154944 -0.647618523873052 0.349177726508743 0.753877004163752 0.58043445659732 0.43091501904005 0.179722363943838 1.27161297661206 1.7038238307776
GS1_SS_09334_14925 -1.04691681326469 -1.6014730043974 -1.64914259102772 -0.719585651736503 -0.093525080658317 0.461031110474391 0.476920972684497 0.78995125822359 0.286242626163222 0.355045729532982 1.19291816387188 1.54853328013406
GS1_SS_09390_10688 -0.87264356300562 -2.29758001272874 -0.83519997746545 -0.23402240962606 0.400438345360148 1.00577631159289 0.179937230512482 0.531490894750741 -0.0509648803185642 -0.307661461188394 0.717252683013916 1.76317683910265
GS1_SS_09467_09511 -1.29747850928746 -0.116003986793419 -1.08335926649447 0.491849175708709 0.138620615941935 1.02237392377541 1.20103392890841 0.789161245319352 1.08783713176307 0.435932685552579 -1.9752954753264 -0.694671469067713
GS1_SS_09589_19425 -0.414576494601834 -1.2243588782954 -1.68462968553363 -1.24117242376529 -0.106258104547731 -0.265986786511683 0.557876941512916 0.406555032283908 0.265741588973581 0.736520862130495 1.05639856469515 1.91388938365953
GS1_SS_09669_08061 -1.09636676219125 -1.3791835772866 -1.36224843865814 -1.03370674926593 0.42779571437053 0.57005087884963 0.879963915750525 0.411537981287204 -0.386784453658599 0.0179653595616958 1.38649391212789 1.56448221911305
GS1_SS_09756_10063 -0.468863006593305 -1.05366786357462 -0.755743325655996 -0.93245082735095 -0.140499524022957 0.158502498662102 -0.137805812106875 -0.0731567261209164 -0.188986338512426 -0.55748612863239 1.75748989204814 2.39266716186019
GS1_SS_09888_01128 -1.22177631904646 -1.3746310453216 -0.395202806810114 -0.521886951162392 -0.749316256014196 0.144652294625277 0.647220106772339 0.635640203266646 0.0821208156945371 -0.760896159519888 1.64818696580441 1.86588915171143
GS1_SS_09924_13449 -0.944696761091192 -1.03401219251206 -2.37225507330148 -0.279296797005688 0.247664248377462 0.128577006482965 0.436715244884977 0.642140737152985 0.314650821943117 0.316139412466798 0.943580318198431 1.60079303440369
GS1_SS_09965_05921 -1.05888620265426 -0.862855277615509 -1.24815744062272 -1.08367172191204 0.236720485820267 -0.136414240460398 -0.217981131108708 -0.0640855888081678 0.669340458319589 0.214188195585927 1.28897843976393 2.26282402369209
GS1_SS_09996_02174 -1.43255687902292 -1.91735605928387 -0.179276902103777 -0.624911083086006 -0.541288517058462 0.786087404442049 0.405022546595012 -0.0924787955941743 0.872885510951652 0.172149577910712 0.676637109160428 1.87508608708936
GS1_SS_10035_02538 -0.372496774954609 -1.57855284120125 -1.06642712304981 -0.21629843091842 0.587738946579341 0.792589233839918 0.965431663716029 0.0820147999047943 1.32648029501279 -0.257268488370535 -1.61696227006261 1.35375098950436
GS1_SS_10037_03447 -1.26305548519132 -1.22368684030839 -1.36803853821247 -0.293799448173561 0.0781030171538588 0.440294550076822 0.285444546870628 0.085976746130445 0.00461488003905467 -0.252856057495313 1.28068388951112 2.22631873959912
GS1_SS_10068_13417 -0.639417355443242 -0.875124626721157 -1.08873434131677 -1.16484814766693 -0.705710025490156 -0.0305069046419595 0.239574343697319 -0.0550597454000757 0.590679966538381 0.0750703106179403 1.23838390573749 2.41569262008916
GS1_SS_10084_18463 -1.26008193405296 -1.82624631970785 -1.26008193405296 -0.754759094319187 0.337008646376515 0.680087363653957 1.11104831392858 0.615865731848328 0.391090020528624 0.200115168053989 0.183890755808356 1.5820632819346
GS1_SS_10107_05264 -1.1843420086303 -0.567077764145563 -2.05204759335944 -0.651049272345157 -0.20585296045187 0.188665809650784 0.515712736322887 0.0811233517811284 0.112060223223084 0.841286478640612 1.0718398301009 1.84968116921293
GS1_SS_10117_14675 -1.81411216909968 -1.06695801219505 -1.23860153472719 -0.115850963811035 0.0921405987867419 0.726211964376082 0.931174523635057 0.749434323306902 0.948338875888272 0.890787812451023 -1.13763475676711 1.03506933815599
GS1_SS_10164_00356 -0.922831666359818 -1.80207730457307 -1.80716946077894 0.514853769096991 -0.534911206596773 -0.0995997464111135 0.530130237714596 1.31771706422222 0.874699474311683 0.643855059645654 0.483282400620608 0.802051379107962
GS1_SS_10215_00795 -1.21163045381061 -0.326483122495984 -1.57824576704337 -0.610681039730685 -0.902629809253604 0.384011670590766 0.598451917231494 -0.0629541446965351 -0.0397015878318777 0.420182314602455 1.15703000546915 2.17265001696879
GS1_SS_10322_21635 -1.16608016090657 -1.41580371262998 -1.58228608044559 -0.956788041366947 -0.0637290540132245 0.604578736789428 1.46196293103981 0.857869767823173 0.659280086214556 -0.030432580450103 0.493630130238027 1.13779797770742
GS1_SS_10355_11967 -0.869360246631575 -1.25261092363032 -1.47298006290459 -0.395087533845631 -0.00536950167253446 0.220508866083599 0.182183798383725 0.169249088035018 -0.31604208171464 0.0147511588698995 1.54463995511425 2.1801174839128
GS1_SS_10397_21315 -1.3074572861727 -0.803058052704102 -1.63272408158703 -0.931907701129101 -0.539073407150445 -0.0346741736818495 0.639429474785526 0.887700748580037 0.788706506497415 0.567147964693453 0.51953644826324 1.84637355960555
GS1_SS_10406_10366 -0.527708311527644 -0.8581492263887 -2.1007543379832 -1.28155541256164 0.688203801373344 -0.57188982660656 0.801418933763065 0.760919211607392 0.763680556299824 0.384455885205799 0.588519257976541 1.35285946884178
GS1_SS_10522_07745 -1.19372339284284 -0.652671155592577 -1.42628093341531 0.467401896960588 -0.117076901437388 0.469774933088878 0.137549875128194 -0.46520130145762 -0.261983979575325 -0.645552047207706 1.57798280500059 2.10978020135052
GS1_SS_10567_15914 -1.69085444639925 -0.583625017198671 -1.8644300169835 -0.724312584935378 0.232180164547299 0.459655517576131 0.620441309275225 1.35128581699838 1.04067690121604 -0.259312766896522 0.419733136341754 0.998561986458492
GS1_SS_10638_06979 -0.457192364790981 -0.801581382384188 -0.927538476781703 -2.12971125115799 -0.194117420796171 -0.131936070397397 0.384806895352409 0.311305350393859 0.56624888702883 0.207669766395903 1.41622011517206 1.75582595196536
GS1_SS_10661_07759 -1.02217991469701 -2.15754093852584 -1.17775956559688 0.20578804419127 -0.112224170802874 0.694752661305154 0.463235323656534 -0.00350362904308244 0.146519605753223 0.215048737697214 0.975351674535281 1.77251217152701
GS1_SS_10729_08517 -0.395043322228081 -1.16836246046012 -1.47044024883201 -1.04385387638336 0.505936516133298 0.758105800339398 0.0935346659212384 -0.573663231874068 0.293168682584401 -0.187529015433477 0.940140502375677 2.24800598785711
GS1_SS_10738_13982 -0.608261069824385 -0.0838486381992389 -2.40077542154025 -0.671850936384586 -0.549470438476275 -0.261516325750835 0.885500889938832 1.21064907555797 1.31863186783001 -0.152093762915168 0.3703029899209 0.942731769843013
GS1_SS_10852_20305 -1.05237437308955 -1.31558417377946 -1.64677531372041 0.677837866412471 0.943488022870367 0.120739506806542 1.15614759693771 1.59366852391233 0.471453492891376 -0.215680966922946 -0.946044586055876 0.213124403737437
GS1_SS_10862_11492 -0.481905728773637 -0.914595424610566 -1.99631966420289 -1.11605748936685 0.12719939674177 0.230652889454459 0.315956646603518 0.484749187345273 0.223392995229007 -0.0797075886836064 1.38116462683294 1.82547015343059
GS1_SS_10896_02792 -0.762913784656677 -0.595211758378434 -1.15645453965629 -0.677944758009034 -0.287087235429876 0.730752262728205 0.54068996627953 0.301435075455904 -0.785274054827109 -0.932851837951963 1.48809461340075 2.13676605104499
GS1_SS_10950_03180 -0.55955533061017 -0.740774469575429 -1.73733147971644 -1.42205679353121 0.186219433020857 -0.0314702312499006 0.295064265156236 0.257531564419899 0.161823177542238 0.171206352726322 1.6501824252417 1.7691610865759
GS1_SS_11075_10913 -1.05960502195707 -1.09495509408837 -1.109416487233 -1.70072678470212 -0.410288469763392 0.304586398019251 1.2220814519727 0.672548512476939 0.616309761358951 0.137476966125803 1.12053033566822 1.30145843212209
GS1_SS_11168_17305 -0.688329386332491 -1.53712325319542 -1.18911776778162 -0.450667103610871 0.286934766693013 0.799606262278221 1.45063115816209 1.13403104582221 1.22994475277772 0.545307619766088 -1.22306952245613 -0.358148572122812
GS1_SS_11195_13007 -1.12184692275519 -1.36656733119595 -1.91391908442605 -0.581295034309247 -0.0252753215740725 0.566910704958149 0.916244417770533 0.708885903748209 0.74064351400388 -0.0346157951786817 0.591009126858041 1.51982582210038
GS1_SS_11282_15397 -0.709789398685333 -1.0814639755379 -1.72041015821703 -1.33481518522767 -0.411892921357807 0.595943758946535 1.24463421892143 0.765772591815498 0.108729894158524 0.207564706729806 0.901357250187933 1.43436921826602
GS1_SS_11539_14420 -0.318060933302017 -1.72151428196071 -1.26645203184293 -0.578687494733108 -0.842416753324094 0.665494066384363 1.05746814091763 1.23018494948506 0.791670417553384 0.622056306145848 -0.852759077190407 1.21301669186698
GS1_SS_11557_08583 0.0575384693043048 -1.40905076938316 -1.40138833866901 -0.964629787962714 -0.343206657045509 -0.032878213122613 0.644480662007856 1.11955136628488 1.07357678200001 0.998484961001381 -1.12554083295977 1.38306235854435
GS1_SS_11656_04268 -0.701532373953126 -1.33013259553401 -1.73310974504242 -0.381577895219549 -0.684983004363459 0.547945030066793 0.0431892575819247 0.672065301989301 0.586560225776017 0.0266398879922569 0.904859767550628 2.05007614315564
GS1_SS_11680_09616 -1.46246411573933 -1.53674457735441 -1.15858950004126 -0.658884576448883 -0.209825422139516 1.14410481002632 1.69783188752058 0.94827450213201 0.271039275279582 -0.0187220527116198 0.368751846149605 0.615227923326927
GS1_SS_11770_19798 -0.852063079770135 -1.01270786292859 -2.1504509154155 -0.765125903002032 -0.116309972904428 0.351827824605553 0.217642182202612 0.484123528383101 0.686346961300211 0.425535430995901 1.02086609799487 1.71031570853843
GS1_SS_11888_21143 -0.818668207829461 -0.99798835673853 -1.98066277276023 -0.825841013785824 -0.546101581487677 -0.0877592808760981 0.987444331982677 1.39772883268663 1.0175701169994 0.355161486929301 0.426387450075983 1.07272899480383
GS1_SS_11917_11829 -0.528521252356613 -0.924979892894656 -1.13079175546905 -0.90575273204889 -0.415866338105365 -0.334624813404947 -0.23171888211775 0.204277300441164 0.18802899550108 0.00658959033681176 1.87216580254076 2.20119397757745
GS1_SS_11946_09704 -1.07574422870002 -0.7610422835333 -1.69084348516225 -1.34037995531749 -0.696671431112834 0.470586692778285 1.35604352940647 0.878268758107904 0.848229026978353 0.451990668745706 0.504917814069201 1.05464489373998
GS1_SS_11978_10999 -0.546133343275202 -0.568341838785168 -1.79826947107521 -1.90402421159886 -0.147437971501045 0.574866906275477 1.18295666428646 0.861462253094566 0.12263848484825 0.248084758057402 0.969543597909736 1.00465417176359
GS1_SS_12265_13488 -1.37594834008553 -1.61034348621218 -1.39059803671845 -0.448622543221982 -0.190787882482669 1.14379948077593 0.543161918826396 0.648639734583388 0.566601433439061 -0.243526790361165 0.897245086443963 1.46037942501323
GS1_SS_12344_06594 -1.57964217930035 -1.27149477846919 -1.23579477471437 -0.657078924372927 0.0306158847990426 0.889294922480982 0.966331772688771 0.231663274365711 0.504110671442038 -0.465294746306853 0.886100711618708 1.70118816576844
GS1_SS_12550_19104 -0.852793449791054 -0.00765223657209995 -2.45114456997029 0.645268972651443 0.559605710001314 -0.246882567631606 0.818684845821216 0.766451149083333 0.499014621785369 0.119797983468336 -1.1379894339799 1.28763897513393
GS1_SS_12578_10847 -0.653412195936781 -0.622175854803638 -2.04655301047492 -0.868942949755462 -0.559703172537354 -0.15050710369319 0.291487123340772 0.991181164723159 0.546063303575882 0.0936049022623162 1.27137114468744 1.70758664861178
GS1_SS_12582_20411 -1.71325459125348 -1.4367408390876 -1.31995242202375 -0.213897413360205 0.282453359161167 0.679190481833959 0.545227297554834 0.0304995241131212 0.272148498832004 0.163947465375788 0.807829488276349 1.90254915057781
GS1_SS_12684_02524 -0.360260837597332 -1.68937660099843 -1.23096013602925 -0.990072503163273 -0.835320448109982 -0.314857168614715 0.720959652708965 0.887391108143637 0.450873518889542 0.588106473370762 1.28376075858674 1.48975618281333
GS1_SS_12766_12041 -0.601352321868027 -1.50765016652472 -1.06655307723702 -0.468782158420905 -0.336211994973782 -0.0524395341986972 0.543571816993483 -0.287522589489567 0.0747555117122961 -0.024551592542639 1.33248480783427 2.39425129871531
GS1_SS_12906_11233 -1.5190119894637 -0.709145751012569 -1.21248891116546 -0.637078257340495 -0.394325807437087 -0.396630492236322 0.313212425928016 0.221025033958621 0.884774256138262 0.0112987172282489 2.0018549783274 1.43651579707509
GS1_SS_13133_00354 -1.66854227209646 -0.852147326194197 -1.76044414217926 0.0800439760123996 0.815871615808734 0.988953471131352 1.07319685204059 0.668828623676244 0.061050922861953 -0.222619516126975 -0.528959083069662 1.34476687813528
GS1_SS_13170_04116 -1.25978698480106 -1.30655091901083 -0.667443818143968 -0.738703146463618 -0.42917043907514 0.263381158031455 0.396992398630798 0.254473741991499 -0.0541682237929836 -0.202922071660252 1.56675881007805 2.17713949421605
GS1_SS_13173_04771 -1.01913517158773 -1.63310137584331 -1.85901967611051 -0.701520620035604 0.323085318235069 0.510464614339045 0.972932664297792 0.874591757122656 0.676581011594342 0.158297852157815 0.431658995481132 1.26516463034931
GS1_SS_13379_18243 -0.578224658863817 -1.69147832943673 -2.1409940071444 0.134679111250698 0.0521508422965544 0.238278427597388 0.46128034583518 0.319050775935486 0.610533598199057 0.0855133340014209 0.867073600203319 1.64213696012585
GS1_SS_13410_09082 -0.545214466629568 -1.59877872322393 -1.87677464561403 -0.686428337350916 0.091355906379645 0.210209235517441 0.500291937141893 0.474103915467463 0.451944820204484 0.425756798530054 0.576841538959456 1.97669202061801
GS1_SS_13429_05961 -0.637824300635984 -1.14909504591565 -1.08729308769504 -0.929979012224368 -1.06669243495483 0.100428182108507 0.333402836734115 0.393706565664537 0.251936619079662 0.12252706413891 1.87170976044372 1.79717285325642
GS1_SS_13513_20299 -1.72622739747254 -0.431765149807061 -2.0595080997551 0.302785518023709 0.478091167424337 0.954682571688403 1.06799801046447 1.37195001094617 -0.47842444812662 0.088152745753738 0.154808886210251 0.277456184650234
GS1_SS_13516_09130 -1.51094620904434 -0.831064190681607 -0.811742499218367 -0.979599693805258 -0.399948949908081 0.695349434914292 1.27620778452792 0.577004074701952 -0.591958258824021 0.574588863269047 -0.0280063892407264 2.03011603330919
GS1_SS_13729_16065 -0.632081506327654 -0.912665632597602 -1.1866735684081 -1.26120372694855 -0.45890849089542 -0.0829696029634184 0.284201031022647 0.260088332671323 -0.0746397617147793 0.336810554698262 1.45498213915374 2.27306023230956
GS1_SS_13788_12320 -0.842049919911718 -0.870850259198994 -2.32346737200095 -0.343984052362397 -0.00774009118345529 0.165961955142925 0.29736350314112 0.642967574588426 0.479165644892047 -0.0941411090452819 1.28683515977958 1.6099389661587
GS1_SS_13880_19572 -0.708305501352272 -1.09322618480349 -1.71599880000994 -0.418707156963267 -0.501319850817184 -0.272727803427994 0.259443198079324 0.146872054805855 0.105111791978601 0.653442199536466 1.62173559804842 1.92368045492548
GS1_SS_13937_06884 -0.182497737626683 -1.45642393275731 -1.62304098280164 0.0757586899420325 0.619346815711668 1.36218116382598 1.16779460544093 0.831783554518192 0.533261339855429 -0.630281059620827 -1.34534589939442 0.647463442906649
GS1_SS_13968_10258 -0.916685094519837 -0.877211291300651 -2.17702724016099 -0.471195029617594 0.108224010492602 0.356345059298914 0.56922164094524 0.759541763609172 -0.278055349580862 -0.00582708523711796 1.39055870364159 1.54210991242954
GS1_SS_13998_17655 -1.10287637410239 -1.51807816846434 -1.83232893831475 -0.718611184026239 0.186691551915882 0.564443772668709 0.766345821691772 0.63608643522528 0.520481229736268 0.206230459885856 0.74534149562405 1.54627389815989
GS1_SS_14032_08342 -1.44332352906635 -0.944860646409991 -1.14610342512218 -0.291595626282718 -0.11821723231529 0.281172282359677 -0.356612524020504 0.333805009099789 -0.152273702558892 0.191387042626545 1.28243250752157 2.36418984416834
GS1_SS_14050_16840 -0.881780595475094 -0.0279422524765539 -0.801043276279941 -1.19978677108049 -1.04984603543235 1.10534607696072 0.708250282551906 0.00484698531902875 1.0740397695177 0.441322819090378 -1.23109307852351 1.85768607582821
GS1_SS_14293_13781 -0.744121206963347 -1.08116392883949 -2.51468979136463 -0.0186039192884068 0.361335149008334 0.315166861878612 0.225204906796023 0.365931186124827 0.17508621633522 0.38530019968719 0.984317037203423 1.54623728942225
GS1_SS_14305_09605 -0.778180714414388 -1.20300273765502 -1.09217960115746 -1.21091867597627 0.336647265828886 0.348521173310767 0.385462218809953 1.11900583657949 0.642730214250708 0.902636855798549 -1.18717086101251 1.73644902563731
GS1_SS_14406_10351 -1.13866874628571 -0.782934467903156 -1.72653471479925 -1.23815375634184 0.0338073176849858 -0.186024407566333 0.409378304133276 0.899266611227891 0.704818637027259 0.230003816304786 1.16440923651387 1.63063217000422
GS1_SS_14483_09203 -0.92121869142293 -0.601039671132096 -1.33976596493565 -1.59822372830294 0.155045726181197 -0.305934911466449 0.573592999693912 0.465580800077728 0.0412085829428533 0.153309815830222 1.53277990807121 1.84466513446294
GS1_SS_14525_09812 -1.7136092861065 -0.678977264306348 -1.66951985335933 0.47175693039467 0.949392451822296 1.34766699430502 1.2521398900195 0.376229826109145 -0.443833622988132 0.836229574437905 -0.412971020065116 -0.314504620263114
GS1_SS_14563_13745 -1.02303698342825 -1.1405642899981 -1.90735830237457 -0.699120260443054 -0.561527316166155 0.317060963435291 1.06808911761336 0.851666882344491 0.709774158558939 0.231065373262229 0.648717289536065 1.50523336765976
GS1_SS_14584_08077 -0.451534311961832 -0.879358771862723 -1.71705701502531 -1.23837230464669 0.166268142370574 0.736501303609104 1.79080437821801 1.11316633508828 1.11316633508828 -0.0476440875798719 -0.529320577398358 -0.056619425899471
GS1_SS_14588_11968 -0.967008974611798 -0.0636215051140672 -2.5683044003319 -0.30749465140377 -0.147632660281337 0.489808668336564 0.119249910672013 0.206204131784633 0.556696530730887 0.100387533476814 0.844180563301689 1.73753485344027
GS1_SS_14614_03929 -1.53605254699683 -0.7469985090821 -0.987279182961237 -0.381320557159314 0.37183241955683 0.553902087063967 0.0487228687695156 -0.0230792536276652 0.184634029021322 -1.00779407507472 1.40296218441063 2.1204705360796
GS1_SS_14627_10962 -1.24898542860584 -0.996999928269135 -1.21493333396574 -1.16726040146961 -0.325492621966457 0.736932730804514 1.50242381831385 1.06655700692064 0.788010872764657 0.639543740133842 -0.758635265788468 0.978838811127751
GS1_SS_14701_05830 -1.37730463078653 -0.668606433607499 -1.76269942079325 -0.29134775583425 -0.0177174549294757 0.14500478974003 0.770200782417605 0.346266513410208 0.0657847495719811 -0.503957214987959 1.49752639444696 1.79684968135218
GS1_SS_14724_11066 -1.20171488914652 -1.04221745977469 -1.79636291386978 1.12139984300849 -0.181694154959417 1.09366115963947 0.603033197550018 0.0447921947485907 0.991374764716228 -0.163594664061135 -0.79256930945355 1.3238922316023
GS1_SS_14860_08778 -1.60075105268147 -0.833871609321145 -1.96130919965016 -0.50104870442697 -0.0740646526898183 0.490486199736926 0.569531639649292 0.208973492680603 0.562597829130664 0.519608203915166 1.23226524901982 1.3875826046371
GS1_SS_14867_13028 -0.548000402424158 -0.949723212301061 -2.55924869974229 -0.493998319784967 0.306813052035221 0.676924886708696 0.516235762757935 0.200257723120331 0.25412809336284 0.174046956180821 0.9707752437039 1.45178891638274
GS1_SS_14907_10096 -1.426709453966 -0.644648923318754 -1.00261832072872 -0.0723538994340313 0.0484892729400336 0.00516813567385938 -0.0427131213045437 -0.191145017937593 -0.203001329189388 -0.505565272095774 2.19060550775954 1.84449242160137
GS1_SS_15005_13470 0.000862906407150973 -1.39645036531042 -1.2060158478702 -0.920364071709883 -0.714456749727652 0.0520421829692084 0.54360128111176 0.978030024022248 0.83758456741009 0.519796966431734 -0.789440340969736 2.0948094472357
GS1_SS_15048_17158 -0.629033937758069 -0.512807581586617 -1.66270663732546 -1.69980015525252 -0.761334151697915 0.0299942307460194 0.841105822751052 0.85223387812917 0.597525055030029 0.480062248261007 1.07726788688666 1.38749334181664
GS1_SS_15079_10153 -0.523119395430158 -1.25597876801397 -1.4341151613499 -1.64662875339979 -0.25435220548471 -0.032463013785562 0.923848150438937 0.545698964585459 0.611328162130277 0.425378769086625 1.07198262489724 1.56842062632555
GS1_SS_15097_18336 -0.878884880730681 -1.3633183401764 -1.84627486834333 -0.933531338046205 0.318906386374444 0.479891895763419 0.773801220244208 0.113612938621531 0.538969146915336 0.0264739931724529 1.29456718914836 1.47578665705687
GS1_SS_15110_09769 -0.556731032111111 -0.6898268736524 -2.26248733730428 -0.779267279168147 -0.969860524255273 0.333413956117033 1.0276418655964 0.710341379361964 0.477157464981625 0.687981277983028 0.754742152100138 1.26689495035102
GS1_SS_15114_10276 -0.371515421477724 -2.08934051764262 -1.29215250103016 -0.449769573239682 -0.771155608283442 0.0427712643208737 0.883898777911966 0.578414656060475 0.285484676202881 0.858790493924172 0.719857989191714 1.60471576406155
GS1_SS_15222_03492 -1.26735457906127 -2.37844372835115 -0.572923860755087 -0.464592668699323 0.0784521530161102 0.309003151493762 1.19926333236228 0.628441281914605 0.270337249098474 0.1716447554128 0.786493713401091 1.2396792001677
GS1_SS_15264_01431 -0.630268394025997 -0.838311628475873 -1.18752705773102 -1.00495850505052 -0.890747015117832 -0.512235701827904 0.572348874503132 0.854693264113678 -0.134573544596956 0.234809341058946 1.62997274596158 1.90679762118876
GS1_SS_15294_21596 -0.876756335223647 -0.631305981108283 -0.784712452430385 -1.33697574918995 -0.930448600186383 0.134192310789009 1.00247293847211 1.44735170530621 1.14820908622811 0.843697240653734 -1.1068660422068 1.09114187889629
GS1_SS_15307_09135 -1.02113500412371 -1.22860194704033 -1.44990001948473 -1.27701090038755 -0.564707729707139 0.424909588005154 1.34398814512579 1.28174806225081 0.84537592564951 0.332725109702534 0.457066964157231 0.855541805852425
GS1_SS_15349_09033 -1.47812985849381 -0.287218585832394 -1.6543810802707 -0.19909297494395 -0.469547435946416 0.32996457180357 0.333003385972137 -0.472586250114983 0.184101491712353 0.235761332577992 1.46131508676108 2.01681031677513
GS1_SS_15486_15197 -0.37908666383695 -1.07983081601266 -1.19345246874797 -1.38591363562615 -0.156944738693226 -0.186625496958776 0.163050936357232 0.397250669546336 0.0424728559034365 0.130587607004287 1.3623390750246 2.28615267603984
GS1_SS_15742_12390 -0.78006807580734 -1.54713094926023 -2.18867444342082 -0.107842066708627 0.339843719433877 0.572751901009572 0.364947595292335 0.868419772231413 0.143196691875955 -0.048569026487267 1.22740519700736 1.15571968483377
GS1_SS_15940_09158 -1.18543494695296 -1.15371408762988 -2.18320015838804 -0.373957691178878 0.357352301942325 0.975909058742397 1.03069963393681 0.660142322753549 0.123771428745096 -0.0463677258059727 0.62250984873844 1.1722900150971
GS1_SS_16008_15464 -1.06508529883686 -1.29107372691507 -1.95066596821649 -0.675576788653295 -0.061917154684841 0.684028388402561 0.503972567657326 0.526020219177151 0.285333356752398 0.472738394670908 0.88502947809163 1.68719653255459
GS1_SS_16240_09617 -1.63611123841117 -1.20719436343045 -1.57914571595279 -0.567169964045148 0.923986359130024 0.345953851831783 0.30574289480234 0.232022806915028 0.240400089629495 0.201864589142946 1.17195392747825 1.56769676290969
GS1_SS_16284_03403 -1.323529480508 -1.12898448949768 -1.11829520427734 0.07249116926932 0.602679716198532 0.198624734869415 0.294828301852538 -0.0408152540663583 -0.365341953356094 -0.78692736244658 1.72398573581293 1.87128408614932
GS1_SS_16292_21612 -1.05676144980367 -2.00322018241807 -1.5400595260323 0.777757497880847 -0.0891584263542611 0.155511224736484 0.812997982605851 0.320638067447933 0.609610042192968 1.1281486031466 -0.286505140814286 1.1710413074119
GS1_SS_16336_14051 -0.913199947864283 -1.53780789193865 -1.54228536824026 -0.353515410163237 -0.437691964633474 0.32482224953043 0.653916757698645 0.268853795760326 0.143484459315291 0.253182628704696 1.0774860158308 2.06275467599972
GS1_SS_16337_17285 -1.40645069812556 -1.39534896592526 -2.07255463014359 0.255478612259414 0.372046800362569 0.725081884332123 1.12474424354294 0.709539459251702 0.365385761042388 0.0301134485933149 0.250704867413285 1.04125921739668
GS1_SS_16368_11258 -0.441391526946398 -0.334576335146917 -2.05697130291355 0.042481291905252 0.333018613599841 0.677497607153168 0.676162417255674 0.807011027210039 0.517274819453946 0.0502253933107144 -1.78993332341485 1.51920131853308
GS1_SS_16395_10788 -1.42555349092393 -0.994857187512034 -1.58480254428632 -0.298142579051609 -0.0429821640050629 -0.169657547361504 0.266503894018059 0.337586880564359 0.234617890378909 0.198786853372373 1.83253736900373 1.64596262580303
GS1_SS_16567_01351 -1.60981119189551 -1.28846189754083 -1.44199544928806 0.636063320872231 0.514664698560461 1.00382973552259 1.01275610481022 0.0629904126063767 -0.492229757084218 -0.526149960377212 0.765674202928621 1.36266978088532
GS1_SS_16655_20400 -0.804283415044421 -1.05151697865537 -1.57751053345181 -1.018331265419 -0.781053415778963 -0.0886335091021342 0.624361539781243 0.760422964050354 0.440180831319398 0.435202974333943 1.34698044550317 1.71418036246358
GS1_SS_16674_18701 0.024103627268942 -0.75617539274911 -1.30903009292293 -0.361638174897792 0.865950557079079 0.561880471983477 1.73920968576273 0.926261978916223 0.745076415813802 0.370894302832521 -1.35928961112055 -1.44724376796639
GS1_SS_16701_14525 -0.827417828261579 -0.743581987716305 -1.68757355225609 -0.552436271273081 0.210805221051091 0.0545352142747006 0.428946078149893 0.364560152611123 0.19521175470967 -0.976645624432167 1.83738819931049 1.69620864383225
GS1_SS_16967_05902 -0.382189485858722 -1.66698930263238 -1.90519089091023 0.38333086846922 -0.17078557626213 0.179073006520963 0.0763485715761402 0.214803244762641 0.31410353187597 -0.210982094284017 1.47846267057664 1.6900154561659
GS1_SS_17058_16910 -0.979552859860428 -1.20810329015962 -0.922415252285631 -0.646726295737235 -0.0224979329825764 0.664581798104359 0.540450345648112 0.387464401366593 0.76714380370112 1.24595695517792 -1.5366445337147 1.71034286074208
GS1_SS_17130_11627 -1.18637538059345 -0.803244510879486 -1.09287320405611 0.451052979255518 0.875233585010265 -0.401869314036285 0.181949154099281 -0.121818892602506 0.850147635207565 -0.132765488880048 -1.02445697732148 2.40502041479674
GS1_SS_17235_20339 -0.709276030631389 -0.894700121709614 -1.86860983372796 -1.32620104393838 -0.239650528928594 0.467387126771554 0.498579964523031 0.273298358540141 0.43446135358944 0.354746323780109 1.47162320882605 1.5383412229056
GS1_SS_17419_11232 -0.764277167655841 -1.52163092305497 -2.10421073490045 -0.217158735661823 -0.113940790737026 0.754229776697926 0.821353102845341 0.543994453292818 -0.179164400106683 0.411014278849827 1.00562563028777 1.36416551014311
GS1_SS_17490_08923 -0.674331040991698 -1.68485125444692 -1.3691653906622 -0.326100242796178 -1.15925056371256 0.254826836436535 0.266217563480313 0.694183450982284 0.90084378449084 0.661638516571488 0.694671624998446 1.74131671564965
GS1_SS_17600_07169 -0.364237379276999 -1.64846427046875 -1.40104441069786 -0.102679241804918 -0.752097464213076 -0.119173899122977 0.104682164479254 0.220144765705668 0.757399318351023 0.20836286762134 0.798871599607858 2.29823594981943
GS1_SS_17623_08858 -1.40153974187165 -0.826415190753007 -1.28293428969543 -0.468360995504045 -0.57801509279904 -0.187959803849702 0.576709686878861 0.433488008779276 0.433488008779276 -0.25800415579528 1.7171122987468 1.84243126708394
GS1_SS_17643_13259 0.0395096122876594 -0.994974298794898 -0.8285693801221 -1.46645490170116 1.16551622864026 -0.140762382941205 1.0158904726003 0.588645843907891 1.20573075065285 0.438881417102373 0.761984300858721 -1.78539766249069
GS1_SS_17750_08554 -0.791864825649762 -1.09405023031664 -1.52026695779455 -1.47290954363033 0.689745703202013 0.213916446599692 0.306376159967916 0.428152367818747 0.20489598675889 -0.0747382683059805 1.48219310021649 1.62855006113351
GS1_SS_17882_12880 -1.122468125431 -1.23450727919772 -0.728206206744998 -1.82754211034226 -0.446562954690032 0.283816425296131 0.552324052426722 0.575504566999147 0.915485447394716 0.712655944885996 0.71613302207186 1.60336721733143
GS1_SS_17900_05313 -0.7104144116401 -1.50426006526753 -1.79275519304921 -0.646519517567648 -0.295833359555452 0.143453718237211 0.273179715293401 0.550057589607359 0.561674843075077 0.642995617349107 0.876115170267992 1.90230589324979
GS1_SS_17926_08433 -1.36108340220255 -1.23405074052273 -1.86205727924972 -0.171628282699109 -0.152305004584432 0.510411867052262 0.521147021560415 0.284973622381032 0.751952843485722 0.0810056867261104 0.838012998792755 1.79362066926024
GS1_SS_17975_17319 -1.51657856141776 -1.40514991066862 -1.33904816869879 -0.882001838507411 0.202066729797767 0.679887893179666 1.03683729981674 0.441921622088285 0.383374364915009 -0.0109697414649929 0.798115580245701 1.61154473071441
GS1_SS_18049_13107 -0.957387991531546 -1.25696180895993 -0.89645772358001 -0.460552431610064 -0.0180463606120347 0.515093483963904 0.103814175291037 -0.361286870072354 -0.217846864269779 -0.414093102297018 1.92588306315842 2.03784243051937
GS1_SS_18176_12363 -1.13004866988473 -1.49750116404433 -1.2411389588167 -0.785790851436202 -0.783349306624511 0.0476304700347518 0.77435628323478 1.11739332927746 0.812200227816001 0.666928311520346 0.411664801457981 1.60765552746515
GS1_SS_18284_15771 -0.654697985629418 -1.35359566465863 -1.21956049333796 0.451092177766114 -0.41295598021178 0.333811402860527 0.269187302402347 0.465453088979043 -0.384952203346569 -0.999359854739714 1.4479787644636 2.05759944545244
GS1_SS_18313_04045 -0.354021563415436 -0.903573664501397 -1.80450945394362 -1.24259524015429 -1.0702748812589 0.310161037283547 0.613594712729783 0.321399321559334 1.15865150010543 0.759692408315008 0.812886953887064 1.39858886939347
GS1_SS_18315_16584 -1.01513617446344 -1.63876931918501 -1.27250858339615 -0.645057276564043 -0.875136897076965 0.297180284270379 0.497987328602494 1.29131656712585 1.20646852022495 0.827480577400963 0.183908141657687 1.14226683140328
GS1_SS_18359_10638 -1.45204490916747 -0.964636366256601 -2.31292233560744 -0.207570629475569 0.517212203813965 0.642545829133901 0.766613458238485 1.03563765400098 0.688121692886606 0.135514344885066 0.384915599309587 0.766613458238485
GS1_SS_18434_02558 -0.54739145631212 -0.700218342548163 -0.415454576108342 -0.30330822793513 -0.339590869991169 0.288208784978476 0.776375241732455 0.738993125674718 0.79176787775623 0.483915157280747 -2.44068568723634 1.66738897270864
GS1_SS_18583_09931 -1.19330852914144 -1.49678762925817 -0.988255083116617 -0.0439156130236488 -0.0901209895279081 0.913273873020208 0.575619198566006 1.13336457175351 0.403374303905157 0.613895841823972 -1.38742579137827 1.56028584637719
GS1_SS_18735_01249 -1.22009493654868 -1.51221260969553 -0.337698103180967 -0.433391823694589 -1.46184749363573 -0.253084708200501 0.391588777364954 1.00402858865214 1.6708627252839 0.531603800011201 1.10445663007538 0.515789153568423
GS1_SS_18918_07511 -0.944963148050047 -1.43843821384969 -2.02792010178933 0.0477473928776304 -0.316694503965838 0.314646358426851 0.719795147857683 0.625708462160476 0.283924175342049 0.0362265742208295 1.14088106976376 1.55908678700563
GS1_SS_19010_09505 -1.54668047157564 -0.463761754825179 -1.8383899834077 0.429757162938669 0.915939682658767 -0.147320349598664 -0.0458561715701217 -0.549541262000143 0.825044689841531 -0.166344882979015 0.741970894080663 1.84518244643683
GS1_SS_19066_09468 -0.439910631748479 -1.95632369159767 -0.644831315511883 -1.52086723860043 -0.76266070867584 0.680322439491462 1.04917967026559 0.273896416694044 0.454909687351717 0.910858208725291 1.17981660616476 0.775610557441444
GS1_SS_19297_07941 -1.14054708121032 -1.89316513950115 -0.682898095646307 0.414744393167391 1.3622208085929 1.28356238919908 -0.0357538269971888 -0.302298607261232 -0.40419701420322 -0.588150454103757 0.546854783922003 1.43962784404181
GS1_SS_19413_16580 -0.834094106677787 -1.40987079864402 -1.63058519723108 -1.04521222706541 -0.161395004897236 0.809748348885815 1.86246006736408 0.627419063096507 0.40670466450945 0.149255712974947 0.40977547353327 0.815794004151461
GS1_SS_19610_06699 -0.238307185573041 -1.11977940606033 -1.74972613432631 0.126064878834043 -0.0180524302224903 -0.0916972815485489 0.0336122654770216 -0.707368238634399 0.27856637096462 -0.217913226744286 1.6130110769928 2.09158931084091
GS1_SS_19722_01174 -0.363154237671632 -0.744739534386512 -1.8733514312086 -0.709516276228216 -1.1909008043916 -0.144476509938874 0.253693070825537 0.78747219549939 0.518894852042379 0.379469455165788 1.55343129686668 1.53317792342566
GS1_SS_19974_14939 -0.711879028193745 -1.3375411929525 -1.17690556318415 -0.131412650793542 0.57919581309695 0.385888529816395 0.00199660104796811 -0.405037748958272 -0.740466725016926 -0.147748477549645 1.45615744612043 2.22775299656704
GS1_SS_20093_10204 -0.804364034201367 -1.11794734281792 -1.56347554085238 0.0417968280656039 0.410557090438735 0.401989240476534 0.0381983310814794 0.249481511149356 -0.167944139009077 -0.991143163377349 1.99389576345348 1.5089554555929
GS1_SS_20429_09669 -0.934013151079908 0.433798548707837 -2.40850082895384 0.185315320906126 -0.439098156593529 0.711002232148136 0.463544734904946 0.508420446840239 0.316224183437368 -0.176254700972524 -0.535260396454872 1.87482176711002
GS1_SS_20506_06838 -0.762047802124219 -1.03781110109217 -1.17963222627569 -0.6202266769407 -0.268300181114932 -0.0524169127800197 -0.122276948518568 -0.0539927030598366 0.118293700866808 -0.130681163344258 2.0507378473489 2.05835416703468
GS1_SS_20607_10899 -0.240110365382611 -1.09598245776543 -2.10427012824383 -0.779427026336171 -0.34395394606311 -0.320505395586868 0.766502408633195 0.751428340469896 0.0417747092710664 0.453296770129109 1.47598855018577 1.39525854068899
GS1_SS_20628_14376 -1.01037121644683 -1.48777961280859 -1.93654350538865 0.351197529976926 0.122041499723279 0.269083285802703 0.845792628607715 0.70638937687008 -0.340089827954909 -0.0975663626031327 1.02186084518593 1.55598535903548
GS1_SS_20687_05785 -0.932814104264308 -1.60731566874373 -1.63133901213615 -1.01966773037536 -0.0032955099269086 0.436516469103511 0.645334761668374 0.510434448772489 0.837521508807717 0.427276721644889 0.743091289780597 1.59425682566888
GS1_SS_20811_03639 -0.440130488595932 -0.805343964818386 -1.59589752615358 -1.72951221257643 0.987319744688172 0.76462860065009 0.536370178011056 0.392734390106494 0.539710545171628 0.407209314468969 -0.693998392799345 1.63690981184726
GS1_SS_20813_10423 -1.0829133031194 -0.622990104416225 -1.19725532057478 -0.386640682860426 0.228719522811881 0.876018839505242 0.629023047609091 -0.154549809440767 -0.531431319489204 -1.15317934736572 1.3504211018713 2.04477737546901
GS1_SS_20831_03093 -1.04373381002552 -1.37027559161505 -1.38570276239881 0.40384904851702 -0.241778048783216 0.249577340679449 -0.0178269529056749 -0.0641084652569463 0.247006145548823 -0.394764159055474 1.63056624533877 1.98719100995663
GS1_SS_20941_20085 -1.00113256928244 -1.25984974451731 -1.509747016051 0.342432761198656 -0.0809226164584074 -0.107382327561974 0.571750257429565 -0.0397630658528596 -0.0162433226496894 -0.406965056612354 1.3361419115326 2.17168078882522
GS1_SS_20966_15439 -1.06606198200367 -1.11592110813237 -1.75854984490229 0.245048371751059 0.481417562287122 0.575595911641335 0.595908888953028 0.558976202931768 -0.604403406737917 -0.813073082758035 1.46752027905476 1.4335422079152
GS1_SS_21165_16268 -1.11778423189399 -0.639044442966064 -1.0284856184152 -0.380822618989915 -0.398434289981564 0.261383242945002 0.0301990547165958 -0.363210947998266 -0.202706612338318 -0.317321382738336 2.09498143970935 2.0612464079507
GS1_SS_21415_15674 -1.01827566768483 -1.36643878351873 -1.19113987204991 -0.190475252415421 0.406027987999298 0.0822119432027362 0.337856189094759 0.0554301650616671 -0.441250084099977 -0.356035335469303 1.48630752992587 2.19578117995383
GS1_SS_21554_11267 -0.410415898438449 -0.945618768599724 -1.0288225761458 -0.929877507712628 -0.648783563300193 -0.208028258461496 -0.151809469579009 0.0235931517343503 -0.255252041122785 0.554298518785027 2.27526808405572 1.72544832878499
GS1_SS_21559_02114 -1.60010682003324 -1.46704880705187 -0.911236854091718 -1.13187735663045 1.05094776772216 0.833675822474096 0.415974718431315 0.415974718431315 -0.0482124762226799 0.0151164008418708 1.00951451304694 1.41727837308226
GS1_SS_21566_04635 -0.966594372105266 -0.742952100889754 -1.30852677024468 -0.492971793601341 0.274065748170869 -0.222660370747882 0.502790798277642 0.0823063627278162 -0.0193492150974164 -0.922697645317097 1.76817170679764 2.04841765202947
GS1_SS_21786_18945 -1.25263936118844 -1.66057964534775 -1.03012647891972 -0.965226888258014 1.47314344660334 1.1486454932948 0.367996131335382 0.765737908390713 1.01977344898083 0.539516478084184 -0.0362356047861209 -0.370004928189196
GS1_SS_21790_21400 -1.17489433363168 -1.02399816520235 -1.46327367774106 -1.26319653589773 0.19211317739845 1.36686779235566 1.69101511712977 0.76328311863835 0.0222152692409843 -0.0280834535687916 0.279744730027037 0.638206961251374
GS1_SS_21829_08740 -0.766616069201886 0.383765989242043 -0.207911407059532 0.482684191719706 0.733643335042665 -2.03423451576749 0.869197908808351 0.783102436281496 1.17694342762775 -1.79243446526654 -0.185929584286718 0.557788752860154
GS1_SS_21831_05430 -0.533274964563687 -1.61915190545739 -0.922273325393181 -1.27993058606106 -0.588582788378307 -0.378413057882751 0.38299131663185 0.692715129993722 0.897354078107816 0.370086157741772 1.25353646347397 1.72494348178725
GS1_SS_21868_08982 -0.829681934090368 -1.04993685542489 -1.31644531023966 -0.315166437852924 0.234149335955375 0.456606806503243 -0.124425675977227 -0.574186225342322 -0.686516235222929 0.445594060436517 2.00191533458625 1.75809313666894
GS1_SS_21937_07599 -1.30591616428263 -0.674928904901826 -1.38922066200988 -0.985105226226662 -0.4817333676195 -0.604031460027578 0.49842380776698 1.19853607590018 0.638446261393619 0.308773142728366 1.04982868527644 1.74692781200249
GS1_SS_22047_12255 -1.40879658162491 -1.43770029391034 -1.32653216973561 -0.322684008437838 0.389903667522156 0.636696903190048 0.881266776374445 -0.0125249419903524 -0.0458753792427702 -0.3382475458223 1.19209285156698 1.7924007221105
GS1_SS_22141_16949 -1.18632772871551 -1.16235478555875 -0.97256898556778 -0.363256680333601 -0.351270208755224 0.531733197518571 0.757478412244676 -0.413200311910173 0.72551448803567 0.615638498567212 -0.583008659270518 2.40162276374543
GS1_SS_22189_19735 -0.826500737000303 -0.974094778195256 -1.60175785864537 -1.41532328029385 -0.601225621492215 0.214425658795686 0.66497588981186 0.893358248292473 0.450576124707612 0.492523904836704 1.18916777927688 1.51387466990578
GS1_SS_22248_11372 -0.618258700187452 -0.938695414808615 -2.08121804556131 -0.280142718552708 0.639179166153524 0.727575501221431 -0.287214425358141 0.0252666191069101 -0.350638795769364 0.0447138128218496 1.1627064605932 1.95672654034068
GS1_SS_22341_18031 -0.599512477261328 -1.11285783625181 -1.53406428465426 -1.15046555485918 -0.101905948508023 -0.104858154418701 0.231618103961364 0.350082417574553 0.00521963794504673 0.474187888978846 1.65318986731963 1.88936634017386
GS1_SS_22365_04682 -0.705660145566773 -1.12659517506663 -1.91332677972291 -0.830730298101875 -0.760798599910205 0.0365572435098118 0.779043600656365 0.826113012900758 0.8140094497522 0.391729579902503 1.02447696450213 1.46518114714463
GS1_SS_22413_08547 -0.82994155768039 -1.02534467886693 -2.03081705002095 0.0446296934554687 -0.0957570149698101 -0.217741681885289 1.09753000664506 0.0199671635969738 0.0351441050483552 -0.0654031320670471 1.25005826823144 1.81767587851311
GS1_SS_22605_11224 -1.03334288921827 -1.36756094754625 -1.05833115526148 -1.13485772001882 -0.258081935227566 -0.227939839312939 1.03912142574076 0.603388536612224 0.0848820162155413 0.180149780505293 1.48797315454199 1.68459957296952
GS1_SS_22789_10414 -0.89492182969709 -1.33627212111623 -1.91418371346776 -0.318395641847779 0.286630295761334 0.377671163049587 0.304442639361209 0.571627793359345 0.670585257803099 -0.604778543948003 1.65837866788065 1.19921603286163
GS1_SS_22857_09774 -1.34400794775202 -1.72571403045127 -1.66491129161422 0.000408166533859832 0.236863262011275 0.480074217359474 0.446294918005557 0.426027338393208 0.2267294722051 0.426027338393208 0.778176534157787 1.71403202275804
GS1_SS_22890_13475 -0.79883211515253 -1.69481848457754 -1.97091766402262 -0.0831117906297317 0.285970467312338 0.505068525839726 0.611945627560402 0.530006516241217 0.102141852352774 -0.0510486601135287 0.890182349039897 1.67341337614959
GS1_SS_22918_03863 -1.42457872062433 -1.63400827225853 -1.69237388500904 0.0500113191607351 0.288623677170192 0.834513819954418 0.899745975381464 0.403638267002089 0.151292823639569 -0.130578753232034 0.900775956782943 1.35293779203252
GS1_SS_23060_08170 -1.32628872985726 -1.90001873250833 -1.10263127119668 -0.241841782473423 0.031214801839151 0.822767720750957 1.02114216234556 0.0117663271730133 0.0526081239719026 0.0934499207707918 0.819461480057714 1.7183699791266
GS1_SS_23106_08029 -0.777827179072942 -1.76917411106432 -1.88146827681202 -0.196529411694633 0.0433239079570864 0.152108881025167 0.50127355264691 0.332832304025366 0.401261561277868 0.515310323365372 0.962206011114407 1.71668243723174
GS1_SS_23256_10320 -0.470000233781009 -1.27462019922132 -1.74170117689189 -0.661576416028703 -0.79294294099855 -0.0388625969702464 0.568160220494589 0.761560937811309 0.19413053134433 0.287181819864638 1.51436410729129 1.65430594708556
GS1_SS_23402_13646 -0.64109928770544 -1.81392306880718 -1.64447484449939 -0.884378524033045 -0.0500880882090749 0.673334795139231 1.27245530251318 0.984393321189949 0.0379039539850389 0.413110736380847 0.487062782846602 1.16570292119928
GS1_SS_23455_10560 -1.18966661156347 -1.01806532091785 -1.18199134310177 -1.03872950523782 -0.517992060374796 0.432560418343414 -0.0220516366957298 0.845844104742636 0.568353629588873 -0.16965295326688 1.38842654445819 1.90296473402522
GS1_SS_23495_13798 -1.18111961787293 -1.36781590136374 -1.48393188255924 0.289682810603418 -0.16590165679305 0.12575436656271 0.0688347679374639 0.0107767773397132 0.237316779868191 -0.0930445705527351 1.78530218408038 1.77414594274983
GS1_SS_23590_17479 -0.693565049601647 -1.54913445847776 -1.22065691756997 0.275443696076343 1.00229574299208 1.42244143485088 1.2009100700526 0.327007030986288 0.110059073735559 -0.0732772281664653 -1.54913445847776 0.747611063599848
GS1_SS_23607_01038 -0.90645268817319 -1.0934661494108 -1.29918095677217 -0.880270803599924 -0.573568727170242 0.0918064665670535 0.376459655916821 0.183648777380844 0.17616823893134 0.227409927310445 1.63805246542574 2.05939379359408
GS1_SS_23767_20089 -1.01134937278022 -0.544771229330429 -1.37260142954878 -0.363910621688506 -0.543363753784578 0.124014234206697 -0.103527645705969 0.436004646870457 -0.051920209024746 -0.529992736098988 1.87467923398838 2.08673888289668
GS1_SS_23777_10616 -0.445696987403903 -0.728202158111704 -1.9715683805582 -0.985805657237359 -0.337675253437212 -0.0549983470633272 0.27473413181751 0.594162470733322 -0.0979322635842696 0.370906104824421 1.680047087381 1.70202925263972
GS1_SS_23778_13487 -0.784865423655757 -0.662230023785645 -1.11870623441328 -0.997433450097285 -0.0585913333138697 0.378808259556198 -0.342165256280193 0.400610108421995 0.0395169865822201 -0.769876652560521 1.86542182909278 2.04951119045336
GS1_SS_23850_16687 -0.729918960096285 -1.05412180478628 -1.30842676285954 -1.35838319358857 -0.921110238195016 0.700931895352284 0.953797779289316 -0.191294069108462 0.912681375397115 0.441898550831422 0.942901932257883 1.61104349550614
GS1_SS_24029_04528 -0.945812545911469 -0.838023189783148 -2.1877333882595 -0.0742809258536466 -0.49903347558249 0.763195506325952 0.171135129910978 0.35703271511779 0.516373502437915 -0.167854584289681 1.21919134768619 1.68580990820111
GS1_SS_24173_00083 -0.726240135222612 -0.210718915622812 -2.44556313321054 -1.0028388644553 -0.514885624513246 -0.0154457263804634 0.610806878177939 1.11989556919093 0.792755543919045 0.704538009014266 0.836221058512753 0.851475340590038
GS1_SS_24418_17991 -0.607599409306851 -1.25705164942376 -1.66773468361533 -1.51765118274798 -0.333355921358325 0.231503800087891 0.857761317343478 0.771804403210358 0.729508143875013 0.571238270233078 0.842752967256743 1.37882394444568
GS1_SS_24495_13419 -1.81886003795857 -0.705533419977363 -1.29601699568825 -0.531861780062396 -0.130040448974926 0.0622780406993319 0.107981103834849 1.0841985324095 0.680183454291529 -0.23899655149 0.836122305709915 1.95054579720638
GS1_SS_24509_14463 -2.06568044768112 -1.02582842850872 -0.726510683117945 -0.730945020086697 0.0761043082262103 0.741254853539046 0.597138902054598 -0.116789349914512 0.313341336054455 0.0916244876168431 0.905547038231316 1.94074300358653
GS1_SS_24627_21630 -0.614928588024565 -0.82767713787577 -2.16072184896876 -0.95559556974833 -0.540870548519398 0.214925407376054 0.71273008383169 1.20285965437497 0.401686317909992 0.258552325193643 0.865289645212333 1.44375025923814
GS1_SS_24837_19112 -0.936576660522828 -1.04663267233515 -2.08336030360718 -0.638104756487821 0.428117885949918 0.762688161859365 0.582196302487164 0.320262994373846 0.0561285660242823 -0.203603621852789 1.04553211221702 1.71335199189417
GS1_SS_24890_09085 -1.32417686293535 -1.73594896537859 -0.702441757761153 -0.343670024939321 -0.79621164247595 0.37998886796835 0.82233810673163 0.0155094030334438 0.134148691955208 0.575682540416621 1.04432811641514 1.93045352696997
GS1_SS_24970_07570 -0.224044333260762 -0.457868087697658 -1.53654559637353 -2.22036978387766 0.0880883200677363 0.808309601422893 1.00022155081921 1.01125097319831 0.582206442651366 0.259044366943769 -0.403823918040074 1.09353046414639
GS1_SS_25294_00151 -0.493290500203558 -1.24896956434518 -1.22126133199332 -1.21874240177951 0.290096796289922 0.604963073015598 -0.311927524809569 0.300172517145144 -0.193537804760715 -0.112932037918942 1.93042415152 1.67500462784013
GS1_SS_25485_15384 -0.925587469052249 -1.31866882132976 -1.80466031141833 -1.16858321409653 -0.150145165013881 0.827555362105463 1.3614313078351 0.913318566238739 0.463776437906818 0.356500963403446 0.741148933941188 0.70391340947999
GS1_SS_25649_14215 -0.225119230055629 -1.11623359782132 -0.0136258575934154 -0.285307067278077 -0.626371478205284 0.361712182863241 1.16421667916255 0.307710317799766 0.672682675179223 0.236488043753203 -2.24141177700764 1.76525910920339
GS1_SS_25653_12817 -1.39040652759404 -0.523543951394792 -1.9223449266254 -0.244768827457988 0.528610500467047 1.20230063212917 1.44167291169328 0.849645174993565 0.498703741588173 0.598353535006714 -0.947124528401244 -0.0910977344044844
GS1_SS_25793_02519 -1.6154472230951 -0.147127568224248 -1.91539705933304 -1.11335727982725 0.330314323283186 0.532454430313103 0.751548223739076 0.52071726280814 -0.104221700344994 0.246850021025673 1.23772778438909 1.27593878526636
GS1_SS_25921_02383 -1.14021797995606 -1.08988310219468 -2.09535297747692 -0.107739145875024 -0.396243933043921 0.590810743057329 1.02418176378338 0.746726096123074 0.453310589172578 -0.251377699486773 0.848500763596698 1.41728488230032
GS1_SS_26124_10605 -0.781142105730566 -0.615810063088603 -2.66940806643088 0.491790312806048 0.703116983852166 0.199537957729918 0.545243529600066 0.0703800687787903 0.418447526972396 -0.520091512085362 1.20669600997441 0.951239357621608
GS1_SS_26198_10361 -0.92243145846701 -1.89334107955581 -1.31719690879982 -0.704472155773606 -0.303716635094048 0.0301878714866791 1.06054093876459 0.833436490503629 0.354840539134896 0.363985684702452 1.10459005658165 1.3935766565164
GS1_SS_29002_19719 -1.4675653607831 -1.12689369996735 -1.42659851549513 0.207331766569244 0.234714868419623 0.535497758823397 0.245711232154815 -0.0751238509425435 -0.0751238509425435 -0.467111875855849 1.57562439918742 1.83953712883202
GS1_SS_31538_18285 -0.684403976718176 -1.19078512510685 -2.0416432451885 -0.69990544044436 -0.317536001865155 0.578104124536585 0.486817727037946 0.486817727037946 0.326635935200712 0.106859627260592 1.27463656129978 1.67440208694948
GS1_SS_37622_17988 -0.652932370831275 0.101403832362638 -1.56189704781009 -0.271585121294186 -0.39695955949816 0.891611055376022 0.75927137060516 0.379665432709793 0.405785107335621 -0.030953265524641 -1.70120197914784 2.07779254571696
