V3 V4 V5 V6 V7 V8 V9 V10 V11 V12 V13 V14
GS1_SS_00034_11858 0.15130233070496 0.609640771836304 1.36172097634464 0.407060245369412 0.131044278058271 0.0626733503756948 -1.91755129583818 -1.58835794032948 -0.398197347336485 -0.93503574247375 0.841595474640895 1.27410489864771
GS1_SS_00155_19594 0.195691583968666 0.0153414933313927 -2.37781789577983 -1.19668380092615 -0.265404995368443 -0.079035663670858 0.313804993454034 0.0696282334602445 0.0143193580570001 0.451225402566818 1.87937552206538 0.979555768841752
GS1_SS_00240_19339 0.0687466927138341 0.256038764524916 0.851172450653588 -0.0672588584985124 -0.89747035064801 -1.65364021067032 -0.774942827033283 -0.64191294425158 -0.321941068297694 -0.393182071313685 1.81686437605708 1.75752604676367
GS1_SS_00465_21240 1.26066779685975 1.12971703890487 1.0278664493844 0.44222555964172 -0.819994246201202 -1.24922173060888 -0.834544330418411 -1.4383728254326 -0.965495088373297 -0.424231955493104 1.03783325707319 0.833550074663569
GS1_SS_00696_07735 0.339436920173193 0.459761272240285 0.650961612511279 0.0394501794031842 -0.690737326976563 -0.984130952564813 -1.73080124689896 -0.634695847931616 -0.596785435636505 -0.180611522575958 2.15237876727722 1.17577358097925
GS1_SS_00748_05585 0.106176822230345 0.179680405369967 0.672692243501582 -0.562526507308172 -0.937215504288199 -1.03043956095309 -0.5517698853853 -0.766902323842732 -0.585832521474394 -0.469302450643285 2.03609407222555 1.90934521056772
GS1_SS_00752_15697 0.413562356171324 -0.32447913934021 0.379608873326968 -1.02320607576881 -2.01500517990658 -1.00354879622734 -0.283377554844411 0.158017722132221 0.0255991390392318 0.526144957181558 1.82995869840484 1.3167249998312
GS1_SS_00809_14652 0.18506621937489 0.499034964606014 0.633827829050789 -0.056574647373671 -0.54314401171091 -0.986974175126634 -1.15135571713246 -1.2088892568345 -0.674649245315569 -0.306598972764529 2.11293294401919 1.49732406920738
GS1_SS_00899_08808 -0.316001916767462 0.037179305490783 0.171415943046341 0.368142049808797 -0.805271316409617 -1.21492450343261 -0.70806547542111 -0.565728351116509 -0.640947156643331 -0.370321466481754 2.19676907278546 1.84775381514101
GS1_SS_00902_02110 1.01073574400809 0.931397101040747 0.733050493622384 -0.880168580046971 -1.07190363388472 -1.07851518746533 -1.09173829462656 -0.93967256227248 -0.409425965107389 0.00379613368086812 1.81172546029925 0.980719290752113
GS1_SS_00940_09958 -0.239806693149476 -0.261216412052785 0.554493878163274 0.275953435231229 -0.479595544866533 -0.44748096651157 -0.661578155544656 -1.226794734592 -0.980582967203955 -0.507428179440834 1.95404720287256 2.01998913709475
GS1_SS_00958_09209 -0.916817231956359 -0.207447439682014 -1.19260208940596 0.162579130644408 -0.164344640769361 -0.204890493983806 -1.29853269690316 -0.546060105716163 0.131530504309022 0.414620920896363 2.15736205320373 1.66460208936331
GS1_SS_00992_07996 0.466274543875519 0.763976658871218 0.576658474154823 0.275611391574903 -0.583710780811557 -1.20453676444304 -0.57952957133128 -0.88843732773412 -0.900144714278895 -1.21122669961148 1.9591335767135 1.3259312130204
GS1_SS_01002_21336 0.139223715243815 -0.366578340577436 -0.15763829769027 -0.568832302092212 -0.239542794502039 -0.256257997933012 -0.737655856745041 -0.679152644736635 -0.879735085908314 -0.543759496945752 2.36635742038669 1.92357168150021
GS1_SS_01019_20191 -0.648380329285501 -0.279533331723656 -0.709082006598537 -0.579037093743874 -0.970857990011001 -0.960319504366377 -0.903411681885406 0.472914543302509 0.767992141351986 0.0661289974200166 1.59125863991003 2.15232761562982
GS1_SS_01025_07388 -0.390996059478121 -0.168226003460329 -0.415538523276692 -0.52125990579361 -0.72515114350481 -1.47086446661522 -0.576008478882729 0.208595209939259 0.0418952442920467 -0.0547643054377073 1.95488590329907 2.11743252891884
GS1_SS_01376_00735 -0.504893617017853 0.703672297459127 -0.113498091104083 0.32814415773105 -0.33564149770379 -0.684988450225473 -1.2268596884669 -1.05046724536928 -0.100275269282672 -0.818248048541655 2.01907861225311 1.78397684026842
GS1_SS_01480_04983 0.597047681268718 0.234498184652093 -0.21143094479908 -0.329580222095001 -0.660398198523578 -1.56002055279109 -1.10092621815551 -0.709345756260459 0.231628845060621 -0.162483387062199 1.70900116530518 1.9620094034003
GS1_SS_01604_07882 0.116460693148343 -0.0988678897773896 0.548950442684283 0.686394219019857 0.422502168455555 -0.539604265893464 -0.986754684905198 -1.4430680223393 -1.38442534443612 -0.600079527481116 1.75625657401596 1.52223563750859
GS1_SS_01627_05730 0.794896721924673 0.50197657027102 0.513181166235914 -0.379825132166125 -1.14509903656837 -1.26354762248297 -0.440618068558506 -0.607598561566753 -0.645694187847392 -0.792954591957425 1.42635573737476 2.03892700534117
GS1_SS_01641_12417 0.972333916413409 0.679358560985546 1.42549723596011 -0.242354553608733 -0.427203033256385 -0.787625952523757 -1.23868153570047 -1.15753368545606 -1.44102422721899 -0.00987123199942804 1.47998222112421 0.747122285280552
GS1_SS_01707_05564 -1.18015920441559 0.186756886766595 0.0609923595235891 -0.0297230371762842 -0.168888702568135 -1.51621851491739 -0.565768563130081 -0.782248487072961 -0.0132293286853982 0.232114585116532 2.13693174445774 1.63944026210138
GS1_SS_01725_12785 -0.214546317439435 -0.0655926846345293 0.0880450246736755 0.665123249880104 -0.0824553600464055 -1.0867213623537 -1.53451907606907 -0.637050018036999 -0.846896645384791 0.0280888454314492 1.98097402118684 1.70555032279286
GS1_SS_01878_17963 1.23189027285157 0.838552887286685 0.275540551085961 0.158310585192112 0.687387931265668 -1.15435653290875 -0.594722270725234 -0.927609098877229 -1.59705390411316 -1.07260405669331 0.513085481976129 1.64157815365955
GS1_SS_01926_15991 0.343670214441662 -0.0156435943984824 -0.30162805449574 -0.364935725577099 -0.103638812889946 -0.646520424749783 -0.93714907693409 -0.763358520413449 -0.82715505381976 -0.567080296944989 2.16737111767725 2.01606822810443
GS1_SS_02026_18921 -0.543485110251201 0.0187947074730411 0.116816335678594 0.613690571396653 0.211368171735278 -0.694421068727008 -1.15937321667547 -0.881789844765941 -0.968534648487669 -0.482763747645991 2.32585950725612 1.44383834301359
GS1_SS_02092_03297 -0.184755811176233 -0.153913749599462 0.260556108666836 -0.270164597081137 -1.09341039455341 -0.253557333155184 -0.286771861007091 -1.01037407492364 -0.493176426943942 -0.690091127780249 2.10847009037044 2.06718917718307
GS1_SS_02171_11294 -0.368648887150571 -0.142757377968925 -0.420346116040753 0.40226767079578 1.12362435298436 -1.55875382819095 -0.816023614678267 0.121740072166888 -1.18070949289583 -0.344603664410952 2.11642488298909 1.06778600240013
GS1_SS_02206_19725 -0.574072396650487 0.327341125394535 -0.200111368929023 0.333781326790427 -0.28877147481247 -0.69879763035093 -0.926351413005782 -0.752465975316697 -0.645129285385163 -0.617221746002964 2.49554226201152 1.54625657625703
GS1_SS_02214_03490 -0.491418458707262 0.122684615433188 -0.348487481742725 0.212180991433082 -0.114217556331237 -0.451408314142603 -0.582757407154212 -0.629874616871804 -1.32768312503568 -0.521426067130756 2.22558622679541 1.90682119345461
GS1_SS_02236_11315 -0.518683856891722 0.791371959597715 0.958731822598495 0.204682662078315 -0.289028933773985 -0.697201044092554 -0.517754079875051 -1.25320770006181 -1.2727330174119 -0.244399636973778 2.42610591030866 0.412115914497615
GS1_SS_02289_18116 0.32278309024722 0.889048772159463 0.995310974197316 0.238891878112072 -0.379106717950178 -0.633576728093458 -0.414061389673156 -1.50185077369223 -1.48367434439628 -0.872666682678627 1.6351212854147 1.20378063635316
GS1_SS_02346_14790 -0.150690776923727 0.0355251151188336 -0.39343649333635 -0.775844128780893 -0.28869005406241 -1.59718922404004 -1.07511966956358 0.364728209979788 -0.25377457430443 0.422920676243088 2.14292371479692 1.56864720487281
GS1_SS_02551_00867 0.520714281432034 -0.126413577588484 1.27822180871358 0.966561568917742 -0.856650833887891 -0.881323936205061 -1.6089640238395 -0.62009205465397 -0.62550282270598 -0.762503469782899 1.36327908249119 1.35267397710925
GS1_SS_02593_17345 -0.00822019182740238 -0.154950615946535 -0.871032076511125 -1.26251871229116 -1.52607861275725 -0.806298065870331 0.301886544861353 0.525373010168855 -0.0410495829380906 0.332712264214111 1.80001650540544 1.71015953349214
GS1_SS_02645_17741 -0.331665003669848 -0.417824782779727 0.026650268183934 -0.168412736489749 0.215381212900812 -1.19463041031006 -1.07975070483023 -0.167291291745779 -0.818536136417736 -0.126796195564136 2.23069947474712 1.8321763059754
GS1_SS_02697_00036 0.183651889588546 0.496012113436903 0.434894068433462 -0.0944822290578841 -0.617276583241167 -0.931329306797312 -0.50820437985041 -1.49737643129072 -0.897479312641559 -0.278776641683646 1.91338659094748 1.79698022215631
GS1_SS_02723_12233 -0.523412655220863 -0.939244772681952 0.950271529003676 1.27510305097213 -0.880966176093494 -1.61494210771781 -0.786144033283585 -0.497139517414591 -0.222465803985382 0.515570521663536 1.50654551037466 1.21682445438367
GS1_SS_02726_13880 -0.0602449864343015 0.351235207890044 0.959554822904249 0.671403426318573 -0.0720271768724714 -0.495289561634987 -1.41097066634058 -1.1407486899869 -0.857719984896082 -0.989629290888636 2.07425249218502 0.970184407756076
GS1_SS_02820_13067 0.13916734263029 0.592273626029301 1.29966554493284 1.25700016984819 0.398572823144978 -1.24319081011246 -0.748272459130486 -1.52478228567117 -1.18345928499394 -0.825070134282861 0.899123003638123 0.938972463967189
GS1_SS_02884_07640 0.257628446953925 0.022986547410721 1.05111212250843 0.628398471422958 -0.390771305982258 -0.815276116606223 -1.45830239092691 -0.99976554907149 -0.752585532758802 -0.759750170912793 1.90298759901795 1.31333787894449
GS1_SS_02953_12104 -0.0874655936765218 0.634323048166808 1.0035329064369 0.451381226501448 -0.152825717235146 -0.76933965624741 -1.5510001669994 -1.43458264412145 -0.586397834582049 -0.553135685188348 1.60308314925837 1.44242696768679
GS1_SS_03163_09981 -0.329037127394925 0.267343646639747 -0.253489286643098 -0.359162123084127 -0.220587142913798 -0.923535089199021 -0.58227537240728 -0.998847578422027 -0.389757821830973 -0.457539062131677 2.19204844934517 2.05483850804201
GS1_SS_03272_03345 -0.169709052226051 -0.60286389362232 -0.655130843971107 -0.530771548313649 -0.497528966865761 -0.782493987349761 -0.425036108527597 -0.45877933126235 -0.419228669599954 0.20477063034955 2.27882735357709 2.05794441781191
GS1_SS_03343_11640 0.890990875528582 0.705218243565081 1.35542245543733 -0.0851598633341776 -0.468527022022493 -1.74360281413561 -1.47338807673416 -0.885671022885991 -0.339330600702422 -0.106270389693666 1.40000788710857 0.750310327868949
GS1_SS_03553_06093 -0.303395893898506 -0.547448034889197 1.21917337425502 0.0540449300675295 0.177173645778195 -0.515287549442382 -1.55214160024771 -0.71596897863051 -0.631432845456024 -0.519698130303659 2.24647116652758 1.08850991623967
GS1_SS_03580_13048 0.137459921916345 0.156496495061136 0.535868202732329 0.126581880119322 0.288392751850046 -0.821167511446347 -1.3446732729281 -0.66751517106339 -1.47520977449238 -0.424118985854991 2.0628733199895 1.42501214411653
GS1_SS_03683_09010 -0.0824763303262194 0.206623239702343 1.31854466288912 0.609032897617559 0.699045584256489 -0.494416743297322 -1.15945165164141 -1.29711811355978 -1.69952777147499 -0.410757893362316 1.57640453579006 0.734097583406472
GS1_SS_03708_01664 -0.769910072799825 0.105290153645555 0.0797605792862358 -0.557318344498587 -0.80379478058583 -0.421083252235676 -0.810757391774735 -0.233556924214497 -0.522969462633321 -0.337996092048074 2.25812953325503 2.01420605460372
GS1_SS_03832_13719 0.241481788899282 -0.276716194559218 -0.299645308871541 -0.306524043165238 -0.602538908937328 -0.914833445871167 -0.524350629132306 -1.03796278972834 -0.54590399658589 0.0695134315568593 2.00702359094815 2.19045650544674
GS1_SS_03948_18465 0.00631341634633914 0.502637422660116 2.20039958848825 1.13855255574964 -0.0378307861382997 -0.613256430958335 -1.33113661028285 -1.10802942475238 -1.14382202136155 -0.634612680268471 0.513852436264321 0.506932534253216
GS1_SS_04002_10071 0.315089333159872 1.88461008457954 0.76207258922761 -0.0831321131550226 -0.174560506441605 -0.897183437084449 -0.986918711976836 -1.2950662597205 -0.414644694738595 -0.418030931526987 -0.585649652552389 1.89341430022936
GS1_SS_04057_19683 0.987944082411514 1.21654902956115 0.209451559685743 -0.28977221679237 -0.366385766647922 -0.952108712317788 -1.2239632440633 -0.865609543126036 -1.02007234525417 -0.606112035550779 1.94789950507741 0.962179687016542
GS1_SS_04180_13779 0.421153256169868 0.495332605561302 0.614019564587596 0.18229575112945 -0.252395236304355 -1.43778123957947 -1.54311591571531 -1.48228884921433 0.64369130434417 -0.384434478221108 1.62879306426242 1.11473017297978
GS1_SS_04197_08046 0.576072825784848 0.916765061216035 1.44915875856623 0.162871747244399 -0.0365772348972404 -1.49092583874081 -1.03402079997012 -1.20287700995059 -1.15321341877987 -0.402299920278474 1.01857542311603 1.19647040668957
GS1_SS_04260_21478 -0.190033460138291 0.499286437876008 -1.03822518226636 -0.0465236223231238 0.0789982486295752 -0.405363866375139 -1.30213622893469 -0.818955805183718 -0.679778835298926 0.207802595287104 2.46640847826653 1.22852124046104
GS1_SS_04334_00722 -0.183049459412181 -0.309694825309142 -0.656210618110548 -0.506698727815525 0.678842614053246 -0.278033483834902 -0.439858118036574 -0.967547142607243 -0.844419703540754 -0.601682752238246 2.07792211453161 2.03043010232025
GS1_SS_04425_00558 -0.117232634653548 0.157332045003936 0.291231657773242 0.781727081391335 0.499833159771741 -0.536127002180264 -1.01675613854167 -1.01957507775787 -1.40154134155242 -0.863123951258992 2.22361449047555 1.00061771152895
GS1_SS_04427_20139 0.0206931730840372 -0.17158333602543 -0.0332380428856914 -0.747005962067664 -0.319307971072947 -0.903172004832182 -0.82649588473609 -0.829778654403812 -0.397156508907512 -0.0238587009779125 2.03443788068416 2.19646601214104
GS1_SS_04455_09947 -0.360365114043238 -0.0238373810845721 -0.0191633847934796 -0.724936824748459 -1.04744256883385 -0.904885681955523 -0.18275325498172 -0.372050104770969 0.0687077454790609 -0.596401926743413 1.74269951713387 2.42042897934229
GS1_SS_04474_08617 0.0747932894251225 0.96054034752002 0.14731717940389 0.248381908850756 0.778867276430922 -0.112239137261104 -0.511919893657119 -1.10144900934124 -0.992445166687783 -2.01889801834119 1.82921013693254 0.697841086725184
GS1_SS_04518_18065 -0.526992937659855 -0.289512317846014 0.420891081339594 0.459621826201937 0.337314210847169 -0.769569708113477 -0.743069724786611 -1.50137693998617 -0.363916117186831 -0.755300486322088 1.67719413705865 2.0547169764537
GS1_SS_04537_14357 0.397709055899083 0.41608177629983 0.463034283990628 -0.314744212974336 -0.416814881867376 -0.972079320645514 -0.726998049990449 -0.957789427000488 -1.2333802330117 -0.420897708623098 1.8567071970562 1.90917152086722
GS1_SS_04560_20331 -0.696443690780242 0.376589092986932 0.318909851598149 -0.389351453868932 -0.816774521953392 -0.705990599699765 -1.10318178953907 -0.319539682394924 0.0484140988783428 -0.666410706470911 2.40848954135866 1.54528985988516
GS1_SS_04631_12072 0.16496925463714 0.864996379668473 -0.363855584381096 0.0679546258963841 -0.769605002232138 -0.864298888873605 -0.586418556198123 -1.28644568122946 -1.18562655724397 0.456013140859406 1.71473039258015 1.78758647651683
GS1_SS_04676_09157 -0.31146936284726 0.145275129561121 -0.3593580187593 0.541772603241453 0.0912072922410762 -1.0725385395999 -1.02362002011986 -0.739120209459617 -0.91033502763976 -0.305805113223255 1.9140658076026 2.0299254590027
GS1_SS_04727_03109 0.150536543066071 1.01353511102374 0.387128839764648 -0.331661090205315 -0.511921887689946 -0.685422905268902 -1.32827797429847 -0.942294541684501 -0.998626040898448 -0.25279699130579 1.99550580532126 1.50429513217565
GS1_SS_04751_19874 0.117936804661958 0.263726716817847 -0.395199507365513 -0.971069660381275 -0.271032227226598 -0.64193788899904 -0.937935589436755 -0.65298257931388 -0.362286330227289 -0.327164215026098 1.91601238791792 2.26193208857872
GS1_SS_04759_21156 0.331280606216561 0.510677881210454 1.5250358775855 -0.772776027655434 -1.07049916487934 -1.1659232473229 -1.07049916487934 -0.610555087501381 -0.375811844690222 -0.158244936718904 1.89451792480697 0.962797183828044
GS1_SS_04861_17616 -0.0108637487396702 -0.478284345042578 0.438609474456248 -1.41115329884543 0.58751350408017 0.105498340635315 -0.501951210678168 -0.640007926885778 -1.42890344807212 -0.253449121504471 1.8625658901976 1.73042589039888
GS1_SS_04867_07782 -0.264321208831605 -0.183026347507916 0.281031819214808 0.443621541862185 0.00496801930311433 -1.45664584157904 -0.970062223697878 -1.1941311852213 -0.34392242721105 0.0286790205225236 2.23786687699377 1.41594195615239
GS1_SS_05071_21089 -0.189055064628459 -0.572011244307237 -0.0897701291561828 -0.53418841174637 -0.609834076868104 -1.41356926878653 -0.883576827527378 -0.352166030047197 0.172625771734832 0.534306608098122 2.00490561660533 1.93233305662917
GS1_SS_05073_19875 0.505199184454226 -0.442142265104416 0.757506203683412 -0.50164863756413 -0.996741656428948 -0.155202537103677 -1.04196649949833 -0.692069029435214 -0.580197049210952 -0.658745460857774 2.15614398197652 1.64986376508928
GS1_SS_05196_16663 -0.213441550865183 -0.321672525950122 0.594515263140993 0.644855251552592 -0.37352271401407 -0.173169560135903 -0.458848994371731 -0.634283853986156 -1.0918743486476 -1.59527423276359 1.80166818525115 1.82104908078962
GS1_SS_05226_01503 0.61758998988952 0.747315108923699 0.913827948281003 -0.222718990122921 -0.552840375127809 -1.57418366304616 -1.43864995659254 -0.853918823035492 -0.437636724642232 -0.0679201353948228 1.80922169898781 1.05991392187994
GS1_SS_05341_06267 -0.632634116445628 0.19934112040332 0.0854110022174085 -0.323332504646112 -0.238378832704016 -0.182840644070036 -0.922398578883785 -0.992644509171823 -0.61726781919512 -0.547021888907082 2.35018369841018 1.82158307299269
GS1_SS_05391_05209 0.363141497908533 1.04349127435532 1.26835264114706 -0.00201798662505413 -0.342192874848448 -0.71350241385839 -1.17052833713253 -0.980261026770295 -1.01869886724751 -1.18398158129956 1.24490555845595 1.49129211591493
GS1_SS_05488_11985 -0.390900850650203 -0.484504854294212 1.36329004887481 0.0712247089020852 -0.987420067827391 -0.916686563814286 -0.86575844092485 -0.595084898901367 -0.232929358354268 -0.547929229559297 1.64645984327394 1.94023966327504
GS1_SS_05509_21410 -0.340057128472697 -0.156474829788002 1.39714726817173 0.485304611068411 -0.220197611149631 -1.00459470552969 -0.848322170285696 -0.564604072318439 -1.46886068402157 -0.426538046034909 1.95062514056989 1.1965722277906
GS1_SS_05691_04450 0.10096822456241 0.164317769020622 -0.429290925347071 -0.579452808507277 -0.640456073541112 -0.814080750945101 -0.614646999872951 -0.814080750945101 -0.357729402903534 -0.284056228978058 2.06151931157286 2.20698863588431
GS1_SS_05970_10448 -0.378024931488831 0.0862381075136291 -0.125925109234807 -0.840790347784832 -0.577458355232361 -0.539019372433233 -0.840291140216012 -0.402985309929824 -0.699265002024405 0.0712618804490336 2.37310798027736 1.87315160010428
GS1_SS_05977_00258 -0.0127994748754246 0.0216192810921037 0.142084926978453 0.821855357337137 -0.0773346423145402 -0.815401840593226 -1.0066410534378 -1.47989894799132 -0.644598764104366 -0.595767154075436 1.89098796457849 1.75589434740594
GS1_SS_06019_14086 0.0962088424441329 0.220985725536427 1.03203546563634 0.179393431172329 0.364959052181381 -0.361306395560945 -1.12596473040859 -1.6202731518896 -1.2075496155074 -0.613579657915492 1.86916037489528 1.16593065941614
GS1_SS_06165_14062 -0.847865558457518 0.218341318625338 -0.16831198443064 -0.326299355571792 -0.170390765629866 -1.02414620415186 -0.951804618418802 -0.110106110852321 -0.496759413908299 -0.307590324778761 2.13975878106964 2.04517423650487
GS1_SS_06186_17337 0.246902718089128 1.10700691555775 1.05670842447771 0.402828040437241 -0.511347034942419 -0.869723783887678 -1.05582820088381 -1.24947739154195 -0.883555868934688 -0.936369284568726 1.82476638326987 0.868089082927577
GS1_SS_06248_08754 -0.55295823440148 -0.363206073023941 0.659783549996757 0.484978488113577 -0.148373185376207 -0.561065135822149 -0.536491090890746 -1.21747081022696 -0.699642481981714 -0.923595633727701 1.91990003957203 1.93814056776854
GS1_SS_06582_08390 0.138116341316622 1.03744951561432 0.340466305533604 0.132495508977261 0.475366281678258 -0.643366714932481 -0.603646166400999 -1.03101678527038 -0.911105695364024 -1.81793331278087 1.89575061383468 0.987424107794009
GS1_SS_06607_08825 -0.0341387699418371 0.358286957628782 -0.0250653427147708 -0.655214863634528 -0.680847295550991 -1.0004587696244 -0.955091633489071 -0.690828065500764 -0.0341387699418371 -0.342635295662093 1.69412228113362 2.36600956729789
GS1_SS_06867_10176 0.304364510070997 -0.460083404375496 -2.21212115242954 0.0363806741407322 -0.399226517331571 -0.274309749188778 -1.24054628909671 0.179447741928204 0.834993858506621 0.370559720539827 1.24422973225989 1.61631087497582
GS1_SS_06885_18778 0.218142382807752 -0.0729904681087584 0.841371500850132 0.898427687713167 0.822352771895787 -1.02246393667567 -1.40283851576257 -1.01368606177366 -1.21265122621912 -0.75912768961551 1.43431695048059 1.26914660440786
GS1_SS_06956_03820 -0.204918750447271 0.0512173922900657 0.957726874420361 -0.0125215556722208 -0.0174790294026208 0.250696692394258 -0.409119454104225 -1.79131034417529 -1.67327525535624 -0.230886469987461 1.57670288018745 1.50316701985319
GS1_SS_06998_21074 -0.224306686727122 0.376142086099846 0.449579657285636 -0.0739529225625319 -0.711893508047509 -0.756342564291539 -1.16797947646452 -0.754409996628755 -0.474187685525085 -0.595939448280473 2.33615220969531 1.59713833544674
GS1_SS_07011_21789 -0.252214191130187 1.08081655449115 0.0571852335277287 -0.129927064352186 -1.12526053779674 -0.897145236369061 -0.482783897699804 -0.0824271060169302 -0.723893108702473 -1.10360402183841 1.82305754476943 1.83619583111748
GS1_SS_07461_02177 0.287278182550253 -0.489638831353038 1.05915391806484 0.346653239128298 0.407148579792722 0.152844092184868 -0.533890052764977 -2.64898640784704 -0.126106645323307 -0.624857120578888 1.3875091837823 0.782891862363975
GS1_SS_07523_20999 0.432464455441016 -0.92689993454307 -0.114596823455019 -0.250728293212392 -0.589496721534108 -0.00830505981924756 -1.45543329133746 -0.62265195055811 0.63724675235397 -0.819633017112475 1.99037015805118 1.72766372572571
GS1_SS_07567_13121 0.678494763034079 0.688632110278763 0.273000873246697 -0.354247487518159 0.426328250322551 -0.980228679877429 -1.37685239082571 -1.21845634012752 -0.731863672382658 -0.667238083697794 1.7724412475761 1.48998940997108
GS1_SS_07642_16466 0.487569909372515 1.25561092768487 -0.222612775211731 -0.256647089169442 -0.452911632992245 -0.783044478382046 -1.87554595642458 -0.598124705878481 -0.0928285913196579 -0.603797091538099 1.75319259774661 1.38913888611229
GS1_SS_07713_19265 -0.612238352693233 0.711473868199733 0.951183543592358 -0.396982281770192 -1.3381242958956 -1.28664302332806 0.185399614150146 -0.548369398914125 -0.746894056252715 -0.226450566390203 1.9669734029407 1.34067154636118
GS1_SS_07714_13991 0.130661494179509 0.542665909578996 -0.830682141752629 -0.385794744842384 -0.302620144550469 -1.23688367806198 -0.785613114152591 -0.815207797512272 -0.269737163039712 -0.0124761900437873 2.0539290539528 1.91175851624452
GS1_SS_07949_08966 -0.327563872582377 0.149686669068414 -1.04343968505856 -0.313527091945589 -0.461381181319756 -0.933484903403724 -0.92646651308533 -0.30884816506666 0.07248437556608 -0.0515071867255469 2.23134123750407 1.91270631704898
GS1_SS_07952_11674 -0.0253505686598188 -0.218579600478486 -0.238712739753113 -0.739831486820331 -0.668628921092994 -1.11303114166706 -0.730010443271732 -0.522049846130168 0.0139336055345735 0.0360309535189193 2.16719740356471 2.0390327852555
GS1_SS_08073_04408 1.19408109124541 1.13132035645151 -1.18803746493192 1.10482137953853 1.08111176861639 -0.881207205939525 -0.578560995933389 -0.447460794363911 -1.04856916538992 -1.32750576447392 1.13550440543777 -0.175497610257014
GS1_SS_08133_09372 -0.283875061996273 0.333517434255898 0.116677142889282 0.435914238512356 -0.51276203621659 -0.723578986156356 -0.989810677223146 -1.02113205264277 -0.277851720569422 -0.938311108023574 1.49270949185327 2.36850333531732
GS1_SS_08190_06162 0.28576980474017 0.0881856501207602 0.753856075802819 -0.0552980812100016 -0.747783499304695 -0.833850216179983 -1.19140697027161 -1.06203639284223 -0.495158044469878 -0.488101467519185 2.01133808841635 1.73448505271748
GS1_SS_08199_11751 -0.471618272525096 0.166547313670483 -0.547948725051859 0.222451307070365 -0.147375110805779 -0.207579411390268 -1.0461393123885 -0.751783285602199 -0.601917580218668 -0.726411473213021 2.46355639632795 1.64821815412659
GS1_SS_08258_07929 -0.553330958648776 -0.389956216433019 0.645035605980936 -0.553330958648776 -0.727682886859832 -1.3878822160057 -0.315824570750477 -0.0392565080117616 0.160328691902775 -0.731902688229454 1.70169667867133 2.19210602703276
GS1_SS_08259_00990 0.103324372335564 0.459265093625635 0.825596959178998 0.510340209496056 -0.0919939155964936 -0.583371754487784 -1.06418232802657 -0.983166626990733 -1.38296149949368 -1.02543568840074 1.93216576267505 1.3004194156847
GS1_SS_08265_17494 -0.221615897631739 -0.393566829420781 0.119166674666726 0.813208984382135 1.21481773663319 -0.510540252406525 -1.14804540767882 -1.39174003889912 -0.990131286648071 -0.58852253439702 1.49029014776461 1.60667870363543
GS1_SS_08279_13095 -0.113513349111939 -0.0133701786143109 -0.72289519511878 -0.122036172133013 -0.436102200459616 -1.08511517351445 -1.01693258934586 -0.249878517449134 -0.281839103778164 -0.166780992993656 1.99844219551037 2.21002127700855
GS1_SS_08318_20873 0.0512596603373373 0.698278449910022 0.897223285485002 0.65167875869426 -0.215792416245294 -1.10118654934476 -1.1710860861684 -1.36106944266342 -0.451300086466487 -0.993648800385308 1.74175307397987 1.25389015286717
GS1_SS_08324_10087 -0.225315405258068 0.615590187188805 0.700935367044805 0.177402321830138 -0.514962385894585 -0.0750707147674681 -1.29406629637677 -1.38700115647405 -0.823196338550558 -0.652815761705548 1.84992002071415 1.62858016224914
GS1_SS_08484_10600 0.108956281709395 0.519384336576446 0.464420524102909 1.07186541712942 0.580981712624376 -0.252951993870671 -1.34464702782782 -1.31621746965186 -1.24040531451594 -1.04139840728417 1.85244631944756 0.597565621560357
GS1_SS_08499_16439 -0.149940084394932 -0.270149932328767 -0.356611588818595 0.813579987774949 -0.285932406893384 -0.535032463771592 -0.659450971589325 -0.840949429082423 -1.14081644581015 -0.52977163891672 1.65978366568118 2.29529130814976
GS1_SS_08585_20765 -0.406881671656337 -0.040745852059922 -0.254071121503731 -0.769969987403555 -0.14087812139069 -0.434570420914758 -0.685075237318774 -0.689428814246199 -0.45990823863237 -0.492647137126603 2.21070645595775 2.16347014629519
GS1_SS_08646_12245 0.433727896760401 0.721361760320766 0.589311668413508 -0.0264862849361836 -0.511541573031164 -1.04627907392293 -1.31430153769509 -1.14433607286397 -0.678892184557194 -0.418714280700318 1.96930050017699 1.42684918203519
GS1_SS_08741_13464 -0.0690588571054169 0.38418774385253 -0.978274260828866 0.260327561608767 1.69765011599793 -0.182030232118959 -1.37027132111682 -1.10213444307263 -0.352372010226728 -0.919746921966429 1.75304692278168 0.878675702194939
GS1_SS_08749_19055 0.53491308350593 0.839003049950575 0.86559015084191 0.0812706745475239 -0.295933819348293 -1.00880046199722 -1.47573642140129 -1.22315896293361 -0.759214052379808 -0.56097398135879 1.69477535989042 1.30826538068264
GS1_SS_08936_21690 0.428703845904276 -0.937185603694642 0.73043879335019 0.914982042457737 0.52164898596574 -1.78312108135551 -0.819993905356273 -0.450907407141181 -1.06919464320223 1.07258467125761 -0.298288793098225 1.69033309491251
GS1_SS_09080_15782 -0.0742748983576557 0.316275688357358 0.741664120835682 0.549139183722647 -0.404317647694287 -0.596842584807321 -1.13957955038311 -1.54296513290566 -0.606010438955561 -0.626179718081689 2.11684224307164 1.26624873519796
GS1_SS_09144_13278 -0.138766731275522 -0.167882268748093 0.992579867658669 -0.242750793677561 0.277169518332637 -0.78970696191229 -1.47392209251771 -1.32834440515485 -0.169961949996134 -0.437200990369376 1.73876949945571 1.74001730820453
GS1_SS_09158_13162 0.25796908030318 0.0216692841720927 -0.0926693268590787 -0.054556456515355 -0.882876171985619 -0.727883832587809 -1.2538414433312 -0.615323822172678 -0.229875660096484 -0.50057867385784 1.89224896064206 2.18571806228873
GS1_SS_09229_20221 -0.0509787804635023 -0.0062278393104645 1.34525058351128 0.810476836732478 0.145925360609864 -1.04892476817625 -0.932572321178349 -1.48524644441837 -0.96837307410078 -0.587095055476897 1.69967803744334 1.07808746482764
GS1_SS_09447_05848 0.170745572446473 0.332518493791047 1.21696553097819 0.166767549790459 -0.280096995235128 -0.532038430116023 -1.17913011549432 -1.05846342826189 -1.25338653840658 -0.734917585572743 2.02476933165946 1.12626661442107
GS1_SS_09465_19731 0.371175276560296 0.562078722167306 0.4829236349644 -0.434499346322622 -0.168941789059537 -0.788213941882277 -0.986877690156238 -1.00705447709031 -0.892201997619429 -0.786661881348886 2.28052014473707 1.36775334505022
GS1_SS_09544_14319 0.290405479057128 0.188832217388076 0.940474353739061 0.405521842282054 -1.04359002419642 -1.3889391138712 -1.20836442645955 -0.552878311155268 -0.424444564733733 -0.54362385842542 1.71762266468694 1.61898374168833
GS1_SS_09584_07916 0.886531637435293 0.377943338461231 0.582666223364714 -0.358544021065765 -1.74396429877739 -1.1310832093808 -1.13623347063623 -0.631507867603742 -0.165537980518393 0.359917424067214 1.64632392914313 1.31348829551073
GS1_SS_09620_01141 0.222107058635098 0.240800078107065 -1.30392307644002 -1.28862878778114 -1.51804311766437 -0.493325777519273 -0.25422506481875 0.466815677177211 0.669040160555762 0.0215819406630891 1.69562680264806 1.54217410643727
GS1_SS_09711_14019 0.373933758168854 0.606364525836401 0.466475637888341 -0.0607978628389648 -0.368768629998464 -0.603136320729907 -0.977608113083177 -0.792524353644205 -1.69426964672478 -0.421926407418727 1.50079255400892 1.97146485853571
GS1_SS_09770_14718 -0.127613373899397 -0.749111006279605 -0.49099388446044 0.0393561392773753 -0.773309486450152 -1.08788972866726 -0.56358932497208 -0.0169053271191458 -0.456712704218832 0.0978357996895298 2.47573978444859 1.65319311265142
GS1_SS_09792_10402 -0.962881169825639 -0.0442735324759192 -0.0316898662108545 -0.275309645102506 -0.157526528861501 -0.185210594644643 -1.21203776187392 -0.988048502355768 0.330719722223007 -0.502067311198971 1.92884533788622 2.0994798524405
GS1_SS_09840_13501 -0.193198539977819 0.20405601241705 0.404627605073914 -0.448824988170087 -0.718982643585454 -0.716935994680792 -1.30023093250943 -1.04235317052203 -0.11753392997247 -0.00326952162519734 1.99037117640593 1.94227492714638
GS1_SS_09870_13521 -0.0579780740771089 -0.124916079024823 0.63022828929158 -0.177211395390225 0.0110517435252216 -0.0119581956755553 -0.570472174458048 -1.25031128720827 -1.30260660357367 -0.911228455895007 2.03634475572451 1.72905747676141
GS1_SS_09956_13737 0.27007708863661 -0.118513388529186 -0.146296210597613 0.0820466040495338 0.117192489019081 -1.03032065523663 -0.675347217044205 -0.849319347643462 -1.34839091421103 -0.208434135223772 2.21540182170104 1.69190386507964
GS1_SS_10032_19750 0.169631302461127 0.374326058503605 0.897434879501047 -0.166977851919836 -0.296845302697897 -0.550894238808394 -0.937994766346501 -1.22456742480597 -1.29052462397521 -0.519962586784197 1.8094637369792 1.73691081789303
GS1_SS_10105_14869 0.222561470854818 0.431969112638477 -0.203365770357983 0.149466350609579 -0.336517421831743 -0.271324476748151 -1.38750671833086 -1.2610719157445 -0.484683206112634 -0.68026204136341 1.93437016524671 1.8863644511397
GS1_SS_10145_19428 -0.0421153000383299 -0.193352287707145 0.315353943542507 -0.472338700565907 -0.747887909159468 -0.706412311026051 -0.972451921152558 -0.545092857512648 -0.411041891169834 -0.443809905164744 1.92167407014614 2.29747506980804
GS1_SS_10278_09380 0.0572153687521852 0.257491918083621 0.634375970007322 -0.0629505608466762 -0.552717758757187 -1.01699521402552 -1.02245730173455 -0.773021963021766 -0.778484050730805 -0.569104021884304 2.29394028560372 1.53270732855396
GS1_SS_10395_19663 -0.0305755656831459 0.363859503376026 0.483011763820984 0.614490120174041 -0.342836662021657 -1.11671005011848 -1.15286659811557 -0.846152244935704 -1.14978507413854 -0.373651901791904 1.97426393376917 1.57695277566478
GS1_SS_10467_14699 0.141963067070517 -0.461853715788915 -0.78214755413262 0.434678735043238 -0.5228159871353 -1.15227563016424 -0.588616533985367 -0.366055860816025 -0.481448731578825 -0.351541034304981 2.06638714865977 2.06372609713275
GS1_SS_10509_13429 0.16920549160013 1.09726394161125 1.22770753588775 -1.70091023317373 -0.746444909199319 -0.240578287492883 0.0128322560223226 -0.538053313464907 -0.11013469321638 -0.593730457363414 -0.717810949480087 2.14065361826927
GS1_SS_10569_13140 0.347000373397207 0.614457260566613 0.956727263028161 -0.190064278006254 -0.801380946337166 -1.11933668632877 -0.67139315851707 -0.724697503162721 -1.34377603220519 -0.413287910759182 1.90301965507964 1.44273196324474
GS1_SS_10611_12176 0.357755767743505 0.390798050891466 0.673006122267422 0.897221615057159 0.694921922314539 -0.539780535724587 -1.15342293704387 -1.53779235325485 -1.55127899943769 -0.640930382095897 1.57337462143391 0.836127107848888
GS1_SS_10613_03919 -0.0511764178324741 -0.438435475379513 0.658624550178272 -1.18024707528094 -1.20982211561472 -0.743580303293937 -0.319961343218896 -0.234019755425438 -0.604403642899673 0.289806400133472 1.98219459052772 1.85102058810613
GS1_SS_10708_12317 -1.16183547016965 0.0701612919610167 -0.37617109902542 -0.0193609641107615 -0.593369144113854 -1.22577993879234 -0.645590460155724 0.104265008559789 0.411198457948743 -0.508536149074407 2.04924259583354 1.89577587113907
GS1_SS_10949_11586 0.671036966424081 1.08134880336655 0.627742671878592 -0.24503094770887 -0.776370017130775 -1.24670348969313 -1.52221263680078 -0.990873567378877 -0.456582614237962 -0.0511905834938419 1.57391979994545 1.33491561482956
GS1_SS_10995_03301 0.40468253846841 -0.195874375117092 0.299781767536445 -0.579954243233902 -0.541808508349551 -1.31187553132739 -0.990020893240677 -0.861279038005992 -0.396377894102963 0.352232153002427 1.74312101122308 2.07737301314721
GS1_SS_11131_14355 -0.173953305697984 0.326401225746448 -0.346489351023651 -0.437686974981503 -0.371137357498746 -1.04452089439835 -0.92103438195812 -0.588039814479584 -0.294728537425951 -0.368672556851236 2.14394522321997 2.0759167253487
GS1_SS_11153_18409 -0.477217140695493 -0.475673234421394 -0.0776027334161756 0.00988528878277339 0.776692071585327 -0.406969405223984 -0.970495195270155 -1.00137332075214 -0.955056132529165 -0.359365628439261 1.83735568189141 2.09981974848826
GS1_SS_11214_00800 -0.145140625400901 0.26072707585957 1.6388620990827 0.504675473426752 0.325471674266025 -0.204393494478238 -1.35557557721588 -1.33245250635644 -1.57524475038064 -0.361283530259596 1.32115110547388 0.92320305598277
GS1_SS_11254_09415 0.415164469431013 0.377902138592029 0.901903666015241 -0.816122675229663 -0.750913596261441 -1.71111728406851 -1.06694473968957 -0.609549628641046 -0.262544172703008 0.417493365108449 1.28710301106324 1.81762544638327
GS1_SS_11330_02963 0.0232189782764788 0.410648039431557 0.466855364365972 -0.145402996526768 -1.34783826923087 -0.918253714374981 -1.1089571382596 -0.442498856894392 0.0874559210586679 -0.743609526185904 1.73172091583652 1.98666128250333
GS1_SS_11364_11101 -0.331726566622312 -0.305560475533105 -0.931167926120521 -0.472071964282608 -0.405467368782806 -1.13098171261992 -0.474450699836172 -0.00212896832044007 -0.0990862294837218 -0.0919500228230289 2.0465332398313 2.19805869459334
GS1_SS_11411_12718 -0.263202927648562 0.219906699378451 -0.377623628786538 0.249571325599408 -0.29710535761537 -0.580190647838216 -1.32265386411131 -1.05143442437685 -0.256846222029785 -0.364910217548985 2.1211973499545 1.92329191502325
GS1_SS_11519_18325 0.261689235600204 0.537772044647284 0.884586813037005 -0.272222973631339 -0.744529927951551 -0.993232623704705 -1.35601912484922 -0.974979214842089 -0.406841863993139 -0.422813596747928 1.61472316754168 1.87186806489379
GS1_SS_11520_07754 0.681750577492984 1.01244154302561 0.713381887239583 0.10145982232356 -0.248497486418357 -0.721529345810677 -1.7078510951819 -1.28370398721614 -0.699962543710723 -0.651077792284161 1.39633062040479 1.40725780013543
GS1_SS_11538_18691 0.177929997933452 0.318497380747426 1.63485235105745 0.254070663624354 -0.303806136918604 -0.823612604616112 -1.19699471521573 -1.43713066085627 -0.90561024459093 -0.457551711871388 1.5688149660063 1.17054071470004
GS1_SS_11583_00247 0.557637573029668 0.318345857346896 -0.0610734647229898 -0.31963019141412 -1.36277984011935 -1.26746873302537 -0.673295235609674 -0.430758886493916 -0.423458461269695 -0.12779123968878 1.87860895943439 1.91166366253294
GS1_SS_11647_11113 0.191618693754357 0.474032571210119 0.299803062880166 0.0946444402807866 0.65636577760193 -0.418724831937936 -1.00489232507902 -1.3398451783025 -1.74503008139541 -0.352544631099427 1.81208818285729 1.33248431922964
GS1_SS_11679_21545 0.277656232322594 0.671613754410501 0.62802696473269 0.587793005030096 0.177071333066107 -0.94612670863133 -1.64351534347631 -1.13220877225583 -0.988037083321533 -0.614196541084923 1.59816831806151 1.38375484114643
GS1_SS_11824_09809 -0.130782237622022 0.0985759811490999 0.625646351121721 0.565715178137741 0.312870418602627 -0.919606055005754 -0.905028202117759 -1.05242649242971 -1.02813007094972 -1.03298935524572 2.09379811308602 1.37235637127347
GS1_SS_11861_05793 0.00547026423197578 0.339498273896999 0.40924414285469 0.774726171853574 0.927437714996232 -0.0241603336912265 -1.1535419699179 -1.48403710059977 -1.34728049480037 -1.05097451556835 1.75686652916956 0.846751317574589
GS1_SS_11923_13512 0.162567296757824 -0.00036767160463811 0.547020592893971 -0.193509684663512 -0.25555312373996 -0.897425362588981 -1.23244894922191 -1.08415982071225 -0.595354915624865 -0.337405061217327 1.78422791445972 2.10240878526193
GS1_SS_12043_01838 -0.327451492012018 -0.295467013851698 -0.258492049737285 0.0647553359255282 -0.704233181546006 -0.484787903728318 -1.01046754691078 -0.549981797510418 -0.500984299052054 -0.246015834852053 2.33950956990917 1.97361621336593
GS1_SS_12058_06674 -0.400934863472284 -0.40622909194494 1.21027533503938 0.285550095148785 0.13201746944176 0.151429640508165 -1.20036336284335 -1.30624793229647 -0.963887824398044 -0.783884056327738 1.56975344833272 1.71252114281201
GS1_SS_12135_16715 0.425838243629189 -0.490976430372668 0.394011768021627 -0.458937778261054 -0.119455371780385 -0.874803726199874 -0.921482557090966 -0.316779520547274 -1.30764379446273 -0.255248334372653 2.00103660969949 1.92444089173729
GS1_SS_12220_09292 0.0233466016410828 -0.263057519951293 1.30032136934243 0.298983650993143 -1.17007568547542 -1.34622498732697 -1.34191815843084 -0.428870432452142 -0.517160424822724 0.529398996935882 1.15195111387089 1.76330547567597
GS1_SS_12309_10381 -0.845838142014615 -0.327739684486018 -1.02521200412194 -0.416175169990094 -0.93761081565092 -1.19415715331605 0.0510311685220062 0.23666225837726 0.297148793273916 0.445236516641591 2.30321600926025 1.41343822350461
GS1_SS_12320_13147 0.369404362964376 0.705421388321496 0.444968000245642 0.22792351018243 0.0173099679729426 -0.571121760642877 -1.2833492354429 -1.28013376151604 -1.01485716254989 -0.809066831230694 2.19675819560028 0.99674332609523
GS1_SS_12364_15097 0.362713557984476 0.269573957916577 1.08041264075876 0.163800703582614 -0.506858177137176 -0.931564001400611 -0.895275845530001 -0.701739014220082 -1.17079702899204 -1.00010829582287 2.03102792399144 1.29881357886891
GS1_SS_12493_03509 -0.86490480038231 -0.465610628171392 0.00425275869886812 -0.988500600068165 -0.338625911397376 -0.0156820477020762 -1.29350313800262 -0.52760787607833 0.341150986874829 0.406935847997946 1.27609340707912 2.4660020011515
GS1_SS_12505_07184 -0.0941475389103054 0.575754726095007 -0.214335886455376 0.228981788915786 -0.456682882324945 -1.26253590111075 -1.079297928624 -0.970931385755494 -0.281326112955907 -0.308910323867891 2.01387726499906 1.84955417999481
GS1_SS_12511_20548 0.377670494318549 0.364040736453682 1.09550440853492 0.179281796507696 -0.524922359843806 -1.10494427787096 -1.15492005670881 -1.00196388511418 -1.10797311295204 -0.278072300735645 2.00960683600539 1.1466917214052
GS1_SS_12531_06017 0.287063036415707 0.497888617300352 0.974869569528056 1.11796385519637 -0.336732652907685 -1.10858322980256 -1.55312947727878 -0.87295463940207 -0.751801477536233 -0.564824944262973 1.99179295967752 0.31844838307229
GS1_SS_12534_10742 -0.125087860215624 0.353268246654839 -0.0402729476499394 0.11069759671698 -0.512861640465936 -0.881636880301534 -1.23446691657478 -0.475543078937034 -0.61871065134791 -0.509977933438702 2.54692114525371 1.38767092030593
GS1_SS_12914_06952 -0.560867814455277 -0.303832341294585 0.215666201745123 -0.60525780190158 0.213727774345721 -1.41842809595068 -0.560673971715337 -0.0634673437687504 0.114867976976224 -0.792316045943863 2.61931617700347 1.14126528495953
GS1_SS_13033_17372 0.580860121158122 0.446848277915433 1.29965091673254 1.5067601290167 -0.148895279772521 -0.675196336871081 -1.38911397450941 -1.20149739396964 -1.31723489495196 -0.736963613711121 0.954753163805224 0.680028885157712
GS1_SS_13050_14496 -0.558870178319534 0.764467237570769 0.198750487273253 -0.0755121916695712 -0.428935235671694 -0.204847434582113 -1.14857491802896 -0.58885516508442 -0.429734835318758 -1.29849985185339 2.19075310802051 1.5798589776639
GS1_SS_13060_00093 -0.1098771044697 0.17628790950586 0.313099868378638 -0.79469696527177 -1.18613118093555 -0.977112910435474 -0.728191151930837 -0.228447468826107 -0.160421522608809 -0.325925989522961 2.19141405373615 1.83000246238056
GS1_SS_13094_04994 -0.101421746261766 0.0567798122281245 0.667765141568393 -0.837877277162983 0.304992602272609 0.239529888414723 -1.49850516451215 -0.772414563305098 -0.826966824853336 -0.829694437930748 1.8272734607762 1.77053910876603
GS1_SS_13263_11040 -0.339394759327614 -0.358080253905495 -1.03075805870921 -0.772664664852227 -0.603327370240182 0.312261864075983 -0.710768964062997 -0.393115556239022 -0.290345336060677 0.0179653244743584 2.4036358447053 1.76459193014178
GS1_SS_13417_09859 0.504271268970813 0.789817341632871 0.916339788462807 0.348729912317497 -0.518355113205093 -1.27632903779178 -1.13703827063955 -1.02096263134603 -0.91533379958893 -0.654163611178511 1.85040045785776 1.11262369450815
GS1_SS_13475_13041 0.393108570077076 -0.0315728733724672 0.215988313221322 0.0288923177610487 -0.409022248327142 -0.977028589278353 -1.26204969226462 -0.838589767827879 -0.626859805609506 -0.431416763561778 2.11748624314401 1.82106429603829
GS1_SS_13520_02210 -0.15525143703644 -0.148652597952274 0.484835954127701 0.0790073504514672 -1.5179117079168 -1.28365292042889 -0.696356241938085 -0.19649418131248 -0.171748534746856 -0.135454919783941 1.56325123145759 2.17842800507901
GS1_SS_13554_15740 -0.251468324963659 0.275477248674846 0.722483710522989 0.921515784776542 0.130281719096434 -1.33635627068999 -0.714788891258815 -1.31514793490888 -1.01823123397325 -0.551647846788689 1.87067038150373 1.26721165800874
GS1_SS_13581_03715 -0.365905484643154 0.213613922664541 -1.41840849805378 -0.663177328125544 0.377595499028746 -0.925097925355973 -0.621398582555046 -0.272706744524351 -0.475172973058303 0.299662069791471 2.22485880317661 1.62613724165478
GS1_SS_13777_12174 1.04249149486567 0.304616019902622 0.491381181615262 -0.613901168848061 -0.76086391904817 -0.200568433910253 -0.136272230697706 -0.711876335648134 -1.2724779931823 -1.06673014290215 0.455865183650235 2.46833634420298
GS1_SS_13870_02675 0.382644729619673 0.183603877209262 0.0365850657697544 0.208483983760564 -0.61255953243238 -1.42455573715212 -1.13187521099409 -0.646486950456882 -0.456493409519672 -0.366020294787667 1.85283284401475 1.97384063496881
GS1_SS_13887_16812 0.985303128487918 -0.730680649683522 1.30068370872262 0.182160035964755 0.00586033272796373 -1.46134497532045 -0.642530798065126 -0.583764230319529 -0.934404751201592 -0.858008213132316 0.855037236651844 1.88168917516743
GS1_SS_14037_06886 -0.433742099163267 0.225903451070123 0.193567884882212 0.165543727519355 0.273328948145726 -0.730625710856542 -0.974823906707648 -0.864451840786245 -0.970512497882593 -0.812930505326839 2.15094749145711 1.77779505764861
GS1_SS_14134_07313 -0.136557435709444 -0.825321492434861 0.314269946874465 0.787866389184834 0.0797486316919264 -0.134280529736798 -0.792078665234229 -1.54368532680468 -1.38430190871946 0.311993040901819 1.57954659587385 1.74280075411257
GS1_SS_14217_19322 -0.0802679270976035 0.0734306683660681 -0.147336405118115 0.369649779623326 0.151677226056664 -0.65962779639812 -1.20087041402365 -1.16174713517835 -1.32941833022962 0.338910060530592 1.98488229195064 1.66071798151817
GS1_SS_14271_18423 -0.205398893592778 0.203145768126686 0.49936549852182 0.521234069222132 -0.307385955131506 -1.22626353492098 -1.0135419835634 -0.870402248070446 -0.778951861505505 -0.568218362029772 2.05342565456126 1.69299184838248
GS1_SS_14319_09724 -0.159965860086289 0.048551938364848 0.308585898786265 0.0166609809546741 -0.358671056257371 -0.525485295018281 -1.207461153482 -0.814466432165856 -0.726398326702375 -0.669485233478065 2.13937216918724 1.9487623698972
GS1_SS_14344_06876 0.0315599908227677 -1.14304887890976 -0.0405125458941716 -0.275655110981604 -1.08154277536576 -1.42692320295897 -0.362394487774419 0.106471270780199 0.0553108092682185 0.363062118129127 1.96143227048401 1.81224054240036
GS1_SS_14358_15334 -0.0945801382318102 0.216483244637476 -0.25998685769405 -0.484643745321867 -0.129142736328397 -0.833898799087882 -0.536487642466748 -0.529081371446051 -0.595737810632327 -0.980123276606516 2.34998304999967 1.8772160831785
GS1_SS_14418_17382 0.619053320758793 0.504152835950036 0.389252351141279 0.439451592077144 -0.120548829029615 -1.47927495036036 -1.49043033723499 -1.17807950474517 -0.731864029759702 0.199454598856211 1.95948460761513 0.889348344731239
GS1_SS_14476_10503 0.386208709312085 0.632328195774243 0.137105956347354 -0.532637373479975 -0.736991128906131 -1.7393686737702 -1.06365881093772 -0.244901319306942 -0.663901099593126 0.432449340101945 1.73762843497703 1.65573776948144
GS1_SS_14488_20071 0.535978714646648 0.662407098163207 0.240535544744794 -0.315749342728066 -1.23934195494377 -1.09561284526179 -1.03838736640692 -0.809485450987471 -0.137418780715235 -0.207952510466579 2.32993093549214 1.07509595846305
GS1_SS_14509_11449 -0.0511094538864874 0.421429087878152 0.264620996091974 -0.192412925361223 -0.33794492964817 0.0849083515729838 -0.764321988212833 -1.18541338076223 -1.49726767566283 -0.441896361281704 2.25097428462834 1.44843399464403
GS1_SS_14674_16537 -0.0616749899065409 0.514665965830582 0.122888288948069 -0.0295639191317548 -0.431329194318632 -1.07769640533692 -1.08334976286769 -0.842139841554745 -0.46901824452378 -0.600929920241798 2.16676548157324 1.79138254152997
GS1_SS_14706_05618 -0.618611751790616 0.433211978591871 0.397728768410294 -0.448799245921636 0.0859834218150021 -0.294193830130475 -0.938214094926114 -1.19749498075293 -0.560317906492309 -0.780313809618092 2.12145242873109 1.79956902208392
GS1_SS_14717_12579 0.0137392927037638 -0.394513976208075 1.46247549370441 0.320373641995312 -0.54323904224127 -0.0884721570600854 -1.57127884131535 -1.27056979345939 -0.772844472870207 0.0270712209338311 1.97871738127979 0.838541252537261
GS1_SS_14981_12223 -0.312207372252558 0.0331698597900533 -0.741444898841765 -0.580480826370812 -0.98189740216257 -0.719585580358055 -0.161179353637837 0.0287979960933114 -0.59240409099829 -0.194961936749025 2.43014349206737 1.79205011342018
GS1_SS_15016_11517 0.449341920282358 0.695438383948891 0.865978915787979 0.156076967746406 0.464453106647847 -1.16647565037027 -1.63060494588172 -1.38234974130583 -0.823235845782739 -0.317011102538863 1.37662907789603 1.3117589135699
GS1_SS_15139_11362 -0.217803201365284 -0.119973229764564 0.053857755741778 0.0707140937302718 -0.163378300084935 -1.07762393173587 -0.759460552203046 -0.753139425457361 -0.74049717196599 -0.475009848647214 2.28921887724091 1.8930949345113
GS1_SS_15170_16429 0.448919612842806 0.569920329494728 0.369643281243271 0.392591693022084 -0.90086424360191 -0.752742676665936 -1.42241905675675 -1.3640049176834 -0.694745781443118 0.0775725858765626 1.81935703988845 1.45677213378321
GS1_SS_15183_08293 0.445493075114351 0.653390373310677 1.31236758915316 -1.28158035164503 -0.0971379463246823 -1.01455629891581 -0.640722625094892 -1.25297063170976 -0.814288259368888 -0.2068085394099 1.65940349196803 1.23741012292274
GS1_SS_15224_19028 0.572139347278623 0.555848574431759 0.794286249735864 1.09048211967885 0.0937830173206984 -0.692617017377933 -1.48790292817485 -1.59453344135433 -0.953269382927762 -0.731122480470522 1.38549320614207 0.96741273571754
GS1_SS_15434_08463 0.0101999849082184 -0.00317704447960903 0.42934690572681 0.456100964502465 -0.87268395468839 -0.995306724076808 -0.676487523666921 -0.685405543258806 -1.07779840530174 -0.456881291216755 2.11061654928692 1.76147608226462
GS1_SS_15435_12974 0.340556247290248 0.378882199270727 -0.830514507668845 1.1539181170982 -0.519499407347255 -1.21164480791917 -1.5991627668329 -0.063995468059257 -0.10870907870315 -0.683385436454894 1.57358729128445 1.56996761804185
GS1_SS_15503_12495 0.16255794845278 0.271030351498194 0.500027646816291 -0.508363951865152 -0.881991117910467 -1.03063848504678 -1.11500590963765 -0.807667434342313 -0.389847807797014 -0.0122031453426091 1.56124932327726 2.25085258189746
GS1_SS_15506_11166 -0.267409943097834 -0.321979831413959 -0.627244719472968 0.108982363492877 -0.474962082419849 -0.439934743851122 -1.08036135621755 -0.226132719884354 -0.557050119544961 -0.423213970379899 2.21621958923864 2.09308753355097
GS1_SS_15573_11647 0.835844592352458 0.60432106162072 0.244598551062318 0.456987905700524 0.51439043398112 -0.733157847317169 -1.42581502190303 -1.60184944196352 -1.28613553642025 -0.250976609760162 1.14792300443797 1.49386890820902
GS1_SS_15609_11383 1.26378869893103 -0.0678025024932487 0.374001538814573 0.179360597539099 0.0387865843957013 -0.920515197604849 -0.230003286889477 -1.67745219145391 -0.365942991907268 -0.586845012561179 -0.426188997540153 2.41881276076969
GS1_SS_15610_05394 0.406030814323695 0.742318671783545 0.339077575734404 -1.81712103974346 0.196041111475463 -0.64087437089068 -1.48996316936397 -0.178288358819212 -0.129595094390636 -0.529336362058974 1.72257495131131 1.37913527063851
GS1_SS_15634_17605 -0.0296450282036373 -0.914114695135428 -1.52523832813686 -0.320758554339465 -0.542364088990145 -0.484961421864771 -0.347507416231221 -0.0374549148873617 -0.00231042481060182 0.196841685624371 2.08722475741987 1.92028842955526
GS1_SS_15694_00309 0.199320226778184 0.30211582557943 1.38410539757715 -0.0154962168705724 -0.569010979646509 -1.4427735694571 -1.07244583531415 -0.663899224693813 -0.717932808679083 -0.440648270374185 2.08245652327946 0.954208931821176
GS1_SS_15751_07737 -0.318939547594458 0.454582092305483 0.609286420285471 -0.383399684252786 -0.311572674833506 -0.438651229959925 -1.10387984027387 -0.790419404295374 -0.276580029218985 -1.12984806675623 2.50865038987787 1.18077157471631
GS1_SS_15835_13179 0.212974839443119 0.456055815775281 -0.228064297255355 -0.610880445610796 -0.84959469781723 -1.26152234034419 -0.625436192696554 -0.605058146776492 -0.297204095912706 -0.172752458329474 2.31220468415117 1.66927733537323
GS1_SS_15936_09438 0.048865171339762 0.570202618075015 0.241874426698488 -0.621192362081724 -1.29778704217074 -1.68674726888857 -0.657146668753121 -0.116197782015287 0.0246777286699133 -0.0331760193376979 1.89201367424891 1.63461352421505
GS1_SS_16032_08893 -0.132247489477922 0.684851908839009 0.595858566517302 0.981496383244696 0.700464775912992 -0.45722931762289 -0.700009400623334 -1.56340094981463 -1.53217521566666 -0.899073455816625 1.75683136213872 0.564632832369335
GS1_SS_16075_10034 0.940710001258557 1.52984561558999 1.49738635309239 -0.0460515786684694 -1.42881616106621 -1.46452134981357 -0.570268668004702 0.233098078810887 -1.24379836482989 0.132474365068328 -0.184814925845707 0.604756634408402
GS1_SS_16089_11662 0.273788802993103 0.0482313207339396 0.876050533973755 0.46679159709115 -0.228483528635549 -1.5260203853429 -0.80749191092969 -1.40347523776498 -1.04049046476854 0.28774081220501 1.29461081033097 1.75874765011374
GS1_SS_16149_14164 0.778188473196027 1.07890275382896 0.581467603732983 -0.317208791126826 -0.451533613887936 -1.78091605334304 -1.22628452710362 -0.589324883688042 -0.539061401622594 -0.384804508387256 1.60346285200509 1.24711209639626
GS1_SS_16347_16138 -0.222645834236034 0.369653083690511 -0.816774717923423 -0.661227628251673 -1.70583308340019 -0.920472777704589 -0.273122389805984 -0.000914982880422062 0.133282506248146 0.448951599993756 1.81029362891504 1.83881059535486
GS1_SS_16364_10988 -0.285794954265917 0.210281147642136 0.280558595412443 0.175142423756982 -0.226885917164336 -0.637182193117455 -0.798406926237572 -1.39163126476929 -0.655785046939007 -0.576412870633718 2.36655860393581 1.53955840237992
GS1_SS_16484_08425 -0.11397680166118 0.378813640216682 0.920654982559239 0.0608383261577607 -0.754775483894719 -1.44063255143885 -0.813237312936943 -0.280949488998847 -0.930160971021389 -0.476725321376828 2.25543835247205 1.19471262992303
GS1_SS_16553_19478 0.422825117543972 0.0101223317903189 -0.000690841635541074 0.249814342730214 -0.387261791610033 -1.61365587765964 -0.908997409407774 -0.39212771965167 -0.717964678884249 -0.447995782351946 2.15942076973707 1.62651153939928
GS1_SS_16581_17217 -0.318562140657466 0.26312051275417 0.630711634007356 0.0954828036112329 0.410560907542535 -0.198994039678408 -1.50616422470622 -0.871968553972703 -0.67403487329791 -1.22542155517769 2.18004761814647 1.21522191142863
GS1_SS_16605_21775 -0.178171643470908 0.162730058950132 -0.910479004227216 -1.35872686494395 -1.05694047637848 -0.160495258900928 -0.534224532666216 0.256162377391455 -0.178171643470908 0.023844180186005 1.98163003120106 1.95284277632995
GS1_SS_16634_14554 -0.965173418111533 -0.271949069081116 0.0684190378977894 0.262383689025503 -0.492749925364856 -0.656689911318005 -0.85623436747816 -0.569007260808217 -0.375574019683593 -0.343689419498216 1.86591337334845 2.33435129107195
GS1_SS_16641_03316 -0.137882576939292 0.373437893687053 0.641331417061849 0.607264032586442 0.947937877340517 -0.0668056247837822 -1.88894613897524 -1.416648308748 -0.905637541616886 -0.687296577479047 1.06392183630452 1.46932371156187
GS1_SS_16653_09013 -0.181972571671189 -0.181972571671189 0.12762334787127 0.387164837308063 -1.69843641709474 -1.34249380300999 -0.717740360579997 0.212901265829074 -0.0188322068823482 -0.128210406002139 2.11052032716837 1.43144855873482
GS1_SS_16654_01530 0.0702766415264829 0.781683082702455 0.272852018273901 -0.83891993127689 -1.28235264573187 -0.741619947169862 -0.904318281250466 -0.0190479340471818 -0.521179655307711 -0.406812296939287 2.39223708192976 1.19720186729066
GS1_SS_16802_18686 0.416114224317539 0.736685605589359 1.23404267506255 -0.783671312942434 -1.13370697558115 -1.00406413756681 -0.721207036444616 -0.707064181388507 -0.314953524957865 -0.769528457886325 2.02321398719347 1.02413913460479
GS1_SS_16818_05243 0.320155987208854 0.0179566030244643 1.06537017543319 0.0100456243808938 -0.0469134218528131 -0.249893311889543 -1.21457386964381 -0.985155488980264 -1.31741659201022 -0.820607133193999 2.18287501862394 1.0381564088993
GS1_SS_16827_05328 0.0901279562953667 0.0783806484509308 0.798882196243001 0.22522199650638 -0.626457822215225 -1.16487609841854 -0.880982825511336 -1.02586628892605 -0.8692355176669 -0.26973124067252 2.17527509868274 1.46926189723214
GS1_SS_16971_01611 -0.294257239518448 0.331490186022604 -0.3870472004398 -0.331685122915296 -0.0934722400457739 -0.951194567890207 -0.87321981081344 -0.391140875186331 -0.396014297503629 -0.622725903704327 2.75728487868081 1.25198219331383
GS1_SS_17007_17518 -0.83645021812888 -0.0542192216596501 -0.251281261154783 0.0435596528990037 0.412110795466237 -0.531329986493286 -0.91667903827957 -1.01696506346793 -0.49191757859426 -0.466670571753089 2.03849940895851 2.0713430822077
GS1_SS_17036_08036 0.111019957150208 -1.60988146764661 0.428592788658848 -0.0456206962290537 0.10887419477515 -0.903925646252405 -0.604012439090496 -0.530992145467259 -0.602961015526717 -0.152908814981973 2.14649014613059 1.65532513847972
GS1_SS_17099_15344 0.508969286681165 0.424997668673845 0.407319433303883 -0.602792837941537 -0.830378020535586 -1.48204197186081 -0.766957351145847 -0.379362040659429 -0.40919406284624 -0.585755438603736 1.8805793734481 1.8346159614862
GS1_SS_17103_09802 0.163633430313966 0.7721146292659 0.614850164802478 0.240061020520489 -0.0685888630058541 -0.655023641705906 -0.0979840900083629 -1.63829398493983 -1.73970751809848 -0.539206447316021 1.19937425374737 1.74877104642426
GS1_SS_17126_18877 -0.339292776366857 -0.142140460202422 -0.167579468739769 -0.205737981545788 -0.275695255023491 -0.164399592672601 -0.428329306247569 -0.771755921501744 -1.02264814320132 -0.711338276225547 1.6570334186014 2.57188376312571
GS1_SS_17171_16781 0.0243628000301736 -0.15256094166956 -0.798418484185091 -1.54046757558591 -1.49924262606365 -0.472226071090146 -0.0409100367134173 0.510473663146916 0.0741762807029141 0.421152939182003 1.64570571061637 1.8279543416294
GS1_SS_17243_05692 1.01030319110306 0.298918234198687 0.724331165237845 0.466720001441911 -0.516456550293032 -0.919811033056086 -1.08524939512687 -1.91244120548079 -0.243089352014166 -0.516456550293032 1.69797531611061 0.995256178171857
GS1_SS_17322_06127 -0.132205494535601 -0.173774880801707 -0.660730548490387 0.0370412924049772 0.00141038989117149 0.66058208639658 -0.366775602751489 -1.88405820146439 -1.02297805738075 0.271611400620866 0.953943183760248 2.31593443235047
GS1_SS_17334_12054 -0.171675048501128 -0.029260522617826 -0.697119492037885 -0.117687842610726 -0.279184053334601 -0.662213970988056 -0.883282270970305 -0.46022735584638 -0.308993368311154 -0.713408735194472 2.08229079742315 2.24076186298938
GS1_SS_17500_14794 0.101350754624181 0.278754614282046 0.0992388039139684 1.27981925092285 0.485725783882888 -2.97576143015569 -0.118292119237937 0.105574656044606 0.056999789709715 -0.500280644194104 0.901780073794786 0.285090466412684
GS1_SS_17550_11756 0.52388622610764 0.171288240454139 1.09962593215056 -0.891615832240475 -0.574958993916871 -1.40773752138546 -1.21184975157795 -0.722982013014887 -0.201750208135798 0.0946365044425079 1.07748209730275 2.04397531981385
GS1_SS_17609_11542 0.0874880264141234 0.214630020276857 0.465174537594596 0.960654366618482 -0.725846787266597 -1.04744124233116 -1.37464490300731 -0.93338739489547 -0.313570174814645 -0.729586257674324 1.80633559932604 1.5901942097594
GS1_SS_17642_00625 0.195956988263156 0.372244033732769 0.577912253447318 0.760979569896532 0.150755181732485 -0.751020858554383 -1.27287571495097 -1.30406496145713 -1.14730057622811 -0.766841490840117 1.71112154317122 1.47313403178724
GS1_SS_17679_13738 0.664690517946234 0.0670074505092173 0.97200124492802 -0.366131290669835 -1.75991852485494 -0.518576769408831 -0.99091577654934 -0.57181169849229 -0.533095386431593 -0.158031113343586 2.03742575744834 1.15735558891861
GS1_SS_17687_06834 0.253693123556691 0.642562668640495 0.00581020208697164 -0.858096897409777 -1.12876380544168 -1.33433360901021 -0.739894260357873 -0.321902326435194 -0.228368065811513 -0.0395864628677455 1.87324055933743 1.8756388737124
GS1_SS_17776_05320 -0.182627053101954 0.522529605711074 -0.729496280646681 -0.393534935949356 -0.954677727282744 -0.86030177566517 -0.408447614534525 -0.189018201067027 -0.131497869381372 -0.704357765317394 2.52210676571684 1.50932285151831
GS1_SS_17824_14963 -0.169565902179277 1.30138364988912 0.236683371700594 -0.574451923462236 -0.761217529239224 -0.274400026881835 -0.763944034433049 -0.721683203928767 -0.838922927263226 -0.82938015908484 2.39634813572909 0.999150549153654
GS1_SS_17826_13484 0.365351638588682 0.165338654905078 1.20566592718149 0.0874115184049725 -0.366423136715559 -1.06591010179659 -1.23215465966348 -1.39710043192204 -0.946421825829761 0.145856870780052 1.74777904010055 1.2906065059666
GS1_SS_17897_00752 -0.229355350374748 -0.180935887517857 0.425581594584254 0.517323734734153 1.29968031879024 -0.706924157710611 -1.21303496420422 -1.07287336119743 -0.940356936536465 -0.942905329318407 1.87459773039627 1.16920260835482
GS1_SS_17898_20019 0.385000553994558 -0.215947815954967 0.466873628919561 0.295849872409554 0.233990215799551 -0.0243648206304593 -0.974092489760499 -1.35616683941052 -1.51263538260052 -0.695724035015488 1.93695017423962 1.4602669380096
GS1_SS_18077_08194 -0.207494096875226 -0.0514006226076208 0.0910004416365106 1.13162360342055 -0.133555082748466 -0.768882907837667 -0.826391029936259 -1.11420548862969 -1.20337867814856 -0.503250153382269 1.8176133455966 1.7683206695121
GS1_SS_18083_10148 -0.0271178385983598 -0.0382479890295 -0.0475231143887835 -0.43707837947869 -0.591045460442796 -1.23288413530521 -1.01584620189798 -0.366772929255321 -0.160494141264856 -0.246524639022354 1.99615800727574 2.16737682140811
GS1_SS_18143_12857 -0.00372966418470776 0.112183870415565 0.265783428384759 0.168208999970091 -0.486562751269498 -1.30655442667915 -0.958401536561085 -0.666747141769198 -1.08514140445494 0.171262972690425 2.2061249962489 1.58357265720884
GS1_SS_18196_14238 -0.260067081775338 -0.240685875018688 0.271839370323821 0.360131534437446 -0.664918956247572 -1.05469655879797 -0.888879567657744 -0.692914032673843 -0.643384282073517 -0.272987886279771 1.98147715300205 2.10508618276112
GS1_SS_18216_06395 0.0299532603462186 0.797548200881433 0.31038127862175 0.596950056421563 -0.352820750000675 -0.78983813614539 -0.924934845679588 -1.35785839214145 -0.811535486464519 -0.861685022579486 2.13132116955542 1.23251866718472
GS1_SS_18361_05562 0.0232638956258208 0.0951909159182139 0.0832030792028151 -0.423732565899613 -1.05264444958122 -0.427478764873175 -0.27403445491607 -0.40964685775902 -1.08860795972742 -0.660042797151913 2.29346047360448 1.84106948555711
GS1_SS_18368_01915 -0.150678316068251 -0.161233714742034 -0.653906947840851 0.238024240093804 0.298717782468056 -0.530144898390746 -1.17903803186155 -1.09987254180818 -0.510353525877403 -0.279190294921558 1.85986124632055 2.16781500262816
GS1_SS_18396_03521 -0.301037955919284 0.276871617164936 0.901638723201931 -0.687326251189407 -0.596761052776794 -1.03513930551275 0.0113455970992135 -1.11844158631768 -0.685556077722302 -0.533763702918064 1.9684285567601 1.79974143813011
GS1_SS_18414_15960 0.86861214454762 0.543040357920453 0.500144075222954 0.117377244999123 -0.205433780869821 -1.237705326368 -1.12771485791288 -1.37189369788326 -0.291347335780118 -0.892335255418916 1.92353072750071 1.17372570404213
GS1_SS_18490_06616 0.481217696789096 0.435828414099678 0.789551789541344 0.321572633536662 -1.74129200731341 -1.36096112132967 -1.29522491881396 -0.351284353641976 -0.265670775603661 0.13062461670532 1.45411349402157 1.40152453200901
GS1_SS_18534_11390 -0.0651589532198397 0.0460747409797193 0.549274786168201 0.567969524689135 -0.520998994155287 -0.879314815806528 -0.877756920929783 -1.16752536800426 -0.62849374065066 -0.751567435913477 2.24068125384973 1.48681592299306
GS1_SS_18606_03362 -0.0470687817721045 -0.0962867480726667 0.220676954902955 -0.46246841734885 -1.4822646790965 -1.19089431859717 -0.259690396190534 -0.216378585846039 -0.293158613274916 -0.143535995721207 1.93503715708414 2.0360324239329
GS1_SS_18758_13846 0.865690834915808 0.202304761437362 1.26736130556626 0.332462788512247 -0.592638887794195 -0.404119680837345 -1.071284535747 -0.759185180502918 -1.32600239518387 -1.28401593483713 1.46385793998899 1.30556898448179
GS1_SS_18771_16493 0.0675074052096823 -0.0731273110240925 -0.0642862396819107 -0.00856692959513738 -0.212117176775601 -1.22370022336942 -0.997533282057793 -0.915290757944475 -0.491741758760884 -0.165444544341293 2.02364584124496 2.06065497709596
GS1_SS_18822_18164 0.430572682179249 0.663230525894182 0.311696411667969 0.709082801662819 -0.715734212036664 -1.44257769459135 -0.405297322758636 -0.99933902882786 -0.890652152931833 -0.78026704459993 2.17261951490026 0.946665519441791
GS1_SS_18833_01293 0.26075740215239 -0.699497272022345 1.35678914269255 -0.622611463357587 -0.728942900872677 -1.23115445959779 -1.16571972881928 -0.75838852972301 0.394898600248349 0.0366434492359694 1.79274803650441 1.36447772355902
GS1_SS_19126_12972 0.0669724011637835 -0.512967358665603 -1.14903890258857 -1.04475615678438 -0.79389230654626 -0.425178312452898 -0.241619397644514 0.0244080151212597 -0.177772818580728 0.16540254388712 1.91400072799655 2.17444156509424
GS1_SS_19147_05948 0.9615094900363 1.06379666683223 1.07944058798925 -0.275563659919145 -0.683508988552312 -1.05414958211873 -1.03128538965846 -1.13838608065655 -0.971116462131447 -0.546323833790716 1.57595457794219 1.0196326740274
GS1_SS_19180_12209 0.229919413222447 0.486624917111428 0.555919654357533 0.606315826900155 -0.291051020436909 -0.288846187888169 -1.84892270416071 -1.51347318067389 -0.414206667087941 -0.573269586675592 1.55659865540697 1.49439087992467
GS1_SS_19186_09191 0.616184319788673 0.0926356469565385 0.495950758295247 -0.319658932898767 -0.831184249581559 -1.68499473056652 -0.736823732966465 -0.115870655886492 -0.78856982272313 -0.097607330090022 2.34359055137144 1.02634817830106
GS1_SS_19225_13971 -0.444789102442937 -0.635634298940393 0.442021434008883 0.206563074693838 -0.0784654655296362 -1.06739057465282 -0.512700250287486 -0.685700181657908 -0.344409486103365 -0.945943631427167 2.02529301222415 2.04115547011485
GS1_SS_19250_07813 0.333195203470769 0.657776692183844 0.80961953454318 -0.191568087508697 -0.0638250724229073 -0.605722922677784 -0.435770383523299 -1.46105783284872 -1.93608911032151 0.09637609153419 1.84521558050584 0.95185030706509
GS1_SS_19358_13455 -0.120117762264172 -0.435444643099564 -0.336017248241558 0.0787370274518402 -0.367265858054074 -1.02348666411692 -0.526349689826884 -0.409877598707505 -0.384310554315446 -0.725204479542896 1.70792591176803 2.54141155894915
GS1_SS_19404_12003 -0.258166866786435 -0.821406306266155 0.134383374459571 0.426793916051459 0.0187284587553163 -0.491898904920071 -0.858503166020349 -0.915239539762059 -0.867231838903689 -0.439745084442115 2.0819685115548 1.99031744627973
GS1_SS_19419_16595 0.601318443003495 -0.311799257447246 0.313990739928328 -0.557732291435313 -1.70704310373598 -0.800499850728483 -0.770062594046792 -0.513902641813677 -0.238749841411187 0.513659143760224 1.30210584084276 2.16871541308387
GS1_SS_19446_21517 0.271713925858197 -2.14547607420863 0.775039421047327 0.369923778578027 -0.0351918638912725 0.468133631297858 -1.05289146270051 -1.45800710516981 0.0507417572385788 0.406752473347964 1.49344449369289 0.855817024909387
GS1_SS_19470_13590 -0.455090696612313 -0.907471713578229 0.317980906504644 -0.0518903652284954 0.86669103489996 -1.06598797289243 -0.937955609600191 -0.712374779037672 0.00704516708063118 -0.783503869755584 1.70601430537131 2.01654359284837
GS1_SS_19632_09187 -0.137476024720205 -0.236058581694004 0.230136477546089 -1.19935935354777 -0.319234566954786 -0.817120359148869 -1.08624781438891 -0.522640317545631 -0.217297667785241 0.294493042929578 2.13587089247777 1.87493427283199
GS1_SS_19643_04322 0.119888123875514 0.399125455635777 1.15992177869517 0.541252241262257 0.277063627980093 -0.534563921938658 -0.975324165363839 -1.62576321958385 -1.2946914130657 -0.824836980582859 1.56790925743472 1.19001921565137
GS1_SS_19704_17776 0.637964873748819 0.713329568745149 -0.443354663155037 -1.69670230820269 -0.556401705649531 -0.793964331181439 -0.859498848569551 -0.223322521024449 -0.157788003636337 0.0760063871457546 2.28124289725574 1.02248865452357
GS1_SS_19715_00763 -0.014363492398917 0.492696709066205 0.781894542601446 -0.0105075212851138 -0.0394273046386378 -1.11138727427593 -1.52783215456668 -0.78748570071646 -0.708438292883494 -0.536847578319251 2.02467403258022 1.43702403483661
GS1_SS_19784_10342 0.68481887392084 0.954453920182425 0.980442840304024 0.252753076899264 -0.689345277508685 -0.916748328572673 -2.04726635386221 -0.502874775636215 -0.59188682705269 -0.474936686505497 1.67356733994706 0.67702219788436
GS1_SS_19901_16401 0.0085360589630314 0.470096612473053 1.39935141455635 -0.511294597647923 -0.97132172739213 -1.49575265530053 -0.9789888462212 -0.679971211887466 -0.28358116842454 -0.0420669253088314 1.78439412215225 1.30059892403793
GS1_SS_19906_20593 0.417546568258714 0.227943344576839 1.01655852272269 0.103778401634726 -0.958335231910648 -1.27378130316899 -1.2519685429224 -1.05565370070311 -0.444896413798666 -0.035823263943434 1.55231347247157 1.70231814678272
GS1_SS_19918_18280 -0.205653461299543 -0.0721974917328184 0.884145798379552 1.33811487518439 0.256519875929483 -0.991895085283834 -1.04659015477839 -0.945404276213458 -1.36655631132157 -0.615866482508738 1.75078917452084 1.01459353912408
GS1_SS_20054_11197 -0.204317915439874 0.54339871127626 1.57911665496881 -0.172474750959085 0.510794788599684 -1.58346384465902 -1.50738802508034 -0.781407346815262 -0.984638464832583 0.497753219529054 1.22558145341248 0.877045519999883
GS1_SS_20142_12100 0.107856128626926 0.882556314444088 0.824308180172121 0.0612576212093521 -0.841588460006138 -0.38395228507605 -1.41242017587141 -1.03380730310363 -0.71887905713986 -0.7309170048894 2.00286209694159 1.24272394469242
GS1_SS_20184_12006 0.0226684251536076 -0.30932583300159 0.627159762583142 -0.241499049077409 -0.290524724475238 -0.403093386917824 -1.02924169745999 -1.35766612488234 -0.572303363654989 -0.399047578753926 2.01701386124002 1.93585970924653
GS1_SS_20223_19178 0.819775899651514 1.01345168649881 0.527592600528443 0.0621863454966937 -0.526771704592812 -1.52436896874158 -1.56610944004488 -1.19044519831522 -0.148603034584951 -0.0701309485347544 1.55833179889203 1.04509096374671
GS1_SS_20227_07885 0.651646907715906 -0.54224783863468 0.674765201559486 0.970349101416685 -0.748661176523785 -1.35634204326931 -0.920397073647521 -0.680957601696159 -1.05085030319344 0.109027525073025 0.787054057371159 2.10661324382863
GS1_SS_20319_21785 -0.0758853500873969 0.261727475874339 1.07385911627836 1.76503498045199 0.661811966482539 -0.998339291888362 -1.28012637497454 -1.08872382797261 -0.610350378903201 -1.2960765872247 1.0018173242818 0.585250947681767
GS1_SS_20470_16125 0.0743389231198885 0.174548659969884 -0.0819882663661048 -0.486835603240087 -0.480823019029088 -0.921545441695369 -0.839774296425772 -0.682244590097579 -0.492848187451087 -0.454768487448089 2.43748493751649 1.75445537114692
GS1_SS_20471_15467 0.0888626153167375 -0.150158167065402 0.00918902118935783 0.216340365920545 -0.0704845729380219 -0.637760563124965 -1.06799797141281 -0.966015770929769 -0.691938607131583 -0.790733863849534 1.82001046851644 2.24068704550901
GS1_SS_20539_10112 0.0919410483349171 0.449743690832328 1.07284886086333 1.35746459921354 0.391804058382463 -0.579955391127551 -1.52935217548148 -1.04448893550629 -1.32605521951704 -0.910312944569763 1.35644811443372 0.669914294141815
GS1_SS_20707_06852 -0.539518504183947 0.292507330311292 -0.392021995921426 -1.05811114372632 -0.156037550365407 -0.146069886350369 -0.628255633077821 -0.397005827928945 -0.695537365179326 -0.452326363212404 2.51006338205682 1.66231355757786
GS1_SS_20711_15725 -0.0328439880305609 -0.797655479236216 -0.935121596936579 -0.150315034065416 -0.16031256989817 -0.447516780533601 -0.359013594574149 -0.514975153565106 -0.660689238327491 -0.262037496996439 2.21985077348466 2.10063015867907
GS1_SS_20714_09546 0.338965589675313 0.746946819437589 0.590577706985149 1.07105734342992 -0.0548002662276507 -0.929045758575386 -1.27163626858482 -1.1522271281666 -1.24604859563806 -0.808215080771227 1.61266308746974 1.10176255096604
GS1_SS_20720_00608 0.600235215067616 0.880962822774251 0.766242406163367 0.239878141713426 -0.36611558838407 -1.50522184273215 -0.930270107717596 -0.903277068515035 -1.17320746054065 -0.541570343200717 1.75675197970135 1.17559184567021
GS1_SS_21048_09168 0.562468774081526 -0.257746669121262 -1.68333096331308 -1.04116518216589 -1.28093872706743 -0.921278409715123 0.530419834911518 0.0734257023021501 0.275215319298494 1.49782299874693 1.32725142249767 0.917855899544499
GS1_SS_21055_20396 0.426723389189719 0.756149165277965 -0.512140072661781 0.418622755351484 -0.988187321222091 -0.396841051030895 -1.40401985825152 -0.990887532501502 -0.458135847073544 -0.383339994633836 1.51409847140887 2.01795789614712
GS1_SS_21194_04558 -0.136720365048725 0.168494667992281 -0.221800604299668 -0.18694248685899 -0.537753919964579 -1.2749783231827 -0.71534859412917 -0.566664680875094 -0.292631968530429 -0.44069636547928 2.11129780117887 2.09374483919749
GS1_SS_21211_20232 0.186947557702274 0.53599190863447 0.990644550361535 0.0544897014510817 -0.692107215337733 -0.406069844676375 -1.09288172904911 -0.82080613242504 -1.18775019366145 -0.90314479982443 2.11170340671453 1.22298279011025
GS1_SS_21219_02613 0.0478084991208046 0.863663068080979 -0.139416485549388 0.247432489398294 -0.0737017558307108 -0.653975218252233 -1.03090498871408 -0.808962788343452 -0.304323260126444 -1.64217596515384 1.99780011098048 1.49675629438959
GS1_SS_21315_12989 -0.0977062589764798 0.0480691002933539 0.309123786700905 0.198818989627292 -0.309448212574651 -0.287819820991589 -0.674968030328388 -1.49468407132641 -0.785272827402001 -0.815552575618287 2.12958550624718 1.77985441434908
GS1_SS_21320_04282 0.12604361812351 0.555401786948114 1.37641002194606 0.929911806461791 0.491126611974371 -0.221899329067686 -1.25458714031249 -1.63166816682512 -1.34885739694065 -0.868936090470033 1.15736022563554 0.689694052526588
GS1_SS_21354_07235 0.203286867839967 0.357131995268054 1.41695398421709 0.111122240575179 -0.799555444283854 -1.09727425569561 -1.30382558418703 -1.16137639212398 -0.55169385009416 -0.198419853777814 1.55655419243888 1.46709609982328
GS1_SS_21516_12060 -0.185798803079268 -0.20695417343301 -0.597270756459549 0.0892210115193772 -0.164643432725526 -0.660472425391354 -1.069035515348 -0.329919763614135 -0.590395261094583 -0.534259485860929 1.8250191490439 2.42450945644307
GS1_SS_21637_11589 0.318204666294465 1.0521229930726 0.736235465825311 -0.417416048355066 -0.0355137025393287 -1.42201404668463 -1.25934142786267 -0.799696702586668 -0.803479786745319 -0.506885988707143 1.54335647107333 1.59442810721511
GS1_SS_21642_13400 0.706335418146309 0.696242388915483 1.17667058030282 0.412628267529261 -0.243418632474456 -0.973144645863206 -1.275935522788 -1.49798216586618 -1.1245400843256 -0.361507074475125 1.46734982215062 1.01730164874807
GS1_SS_21646_20003 0.335237168125533 0.696829413308508 0.0935877164666667 -0.206269267343605 0.0106860797661798 -1.43744676557637 -1.55033410065788 -0.670871205788462 -0.460265771277012 -0.308573414761227 1.8108863013942 1.68653384634347
GS1_SS_21648_07180 -0.343081937769721 0.113802172912511 -0.389116070225538 0.119120963490884 0.00210757076668026 -0.787732830121695 -0.64545518215022 -0.515144812980084 -0.918043199291831 -0.830283154748678 1.90330926300607 2.29051721711162
GS1_SS_21681_02806 -0.216389889462539 0.100092859675777 0.927719528536486 0.230992996077216 -0.746535441888365 -0.830987142792519 -1.16246006884132 -0.716977346571911 -1.19624074920298 0.100092859675777 2.15058015762863 1.36011223716575
GS1_SS_21724_04228 -0.0119269078045077 -0.399433556630805 0.53020526512766 -0.306846809879607 -0.538973663750737 -1.01793565305429 -0.767140595663058 -0.87462419168787 -0.267813293428491 -0.397547879507563 2.4417161649584 1.61032112132086
GS1_SS_21780_13232 0.125991237285593 0.622765092329425 0.410954684336003 0.432527966631629 -0.056204937738378 -0.338226573566657 -0.973657797546923 -1.58947694671298 -0.481394719710358 -1.4286579332365 1.71339257274741 1.56198735518174
GS1_SS_21837_15036 0.647847119053769 0.226262129679661 0.786071705733804 0.101860001667629 -0.723340780812181 -0.969380545102644 -1.01775915044066 -1.13663229498549 -0.936206644299436 -0.108241370086024 2.37869539346117 0.750824436130395
GS1_SS_22099_00184 -0.200126236441354 0.483340778334991 -0.682725756576853 -0.941492255309023 -1.40403737179278 -0.850923980752763 0.134006005046561 0.523773043761893 -0.538786891657083 -0.229075738487016 2.14963530110846 1.55641310276496
GS1_SS_22127_14373 0.0873597712509386 0.447260423394409 0.612712381962734 0.70481965786675 0.206758091867256 -1.04521858430955 -0.386822130625292 -0.883178006330267 -1.74796298565131 -1.05204134548763 1.42189185768246 1.6344208683795
GS1_SS_22194_07247 -0.329663687650263 0.219327857411807 1.19694458727581 -0.0383943732887189 -0.621508917611137 -1.18734599395363 -0.63446701859608 -0.736692037477294 -1.11967591103227 -0.194323521807529 2.19169480621991 1.25410421050939
GS1_SS_22221_18879 -0.228323170556642 0.115472152556145 0.278835887652291 -0.0698359648663503 -0.313662435159107 -0.82082149336804 -0.741334064052601 -0.886654640347084 -0.739383452290259 -0.749867990512848 2.05974442667058 2.09583074427391
GS1_SS_22244_12036 0.128520664672036 0.427414089813498 0.37689689119804 -0.0840725461680181 -0.450322236130092 -1.0523188529643 -1.15756301674651 -0.993382121246269 -0.732376595066401 -0.303822360145262 1.85220957909699 1.98881650368629
GS1_SS_22470_05768 0.246467700523656 0.502563821083879 0.188895704428722 -0.138470576814539 -9.92620622326335e-05 -0.746152921802788 -1.00820476609697 -1.03996862601142 -0.883134567683837 -0.904972221375019 2.22495912494472 1.55811659086582
GS1_SS_22480_11107 0.0683025929720862 -0.0061343460857949 0.321924296687305 0.105417964247484 -0.845147933416871 -1.05959230078584 -0.867829549196281 -0.624517670835339 -0.603898020126785 -0.546162998142833 2.07974951959156 1.9778884450913
GS1_SS_22501_06308 0.0317789687498148 -0.0659973043121021 -0.0486596558928756 0.195075424791367 -0.673823001800101 -0.905663649266501 -1.71811391821398 -0.292193136014103 -0.225785910557206 -0.165789583004161 1.73590852790937 2.13326323761048
GS1_SS_22503_09872 -0.775264296028504 -0.126964393841921 -0.565280365446057 0.280771393696809 -0.544893576069121 -0.259478524792009 -0.602656145970441 -0.857151233359199 -0.37500366459465 -0.449755225643417 1.99869817852666 2.27697785352185
GS1_SS_22552_10037 0.343429481517943 -0.766307411247501 -0.875223791126335 -1.46700278846799 -1.64853008826605 -0.350004803710628 0.132857813752199 0.505593869337539 0.324066569539484 0.802088459007696 1.40512214893684 1.59391054072681
GS1_SS_22632_13086 -0.237164626531231 -0.167878474287602 -1.53300293335801 -1.18469957343058 -1.12852161215196 -0.536218640404406 0.216004261116285 0.386410743661425 0.279672617232052 0.397646335917149 1.6633358035244 1.84441609871248
GS1_SS_22640_15901 -0.00484191030995596 -0.351506413174029 0.384138447363816 0.594090188535015 0.462260025474029 -0.746996902356985 -1.14085985866265 -1.19294091073612 -0.756762099620762 -0.826746013344495 2.11762371497191 1.46254173186022
GS1_SS_22686_13544 0.47658506192694 1.45389258603511 0.905228712851575 -0.378987665318633 -0.131517397518143 -1.11111102109791 -1.50660622968437 -1.05510158404376 -0.384131389129728 -0.80591674163957 1.41731499448954 1.12035067312895
GS1_SS_22718_14492 -0.195948585641317 0.0110251169808014 0.0940745789540868 -0.510814371905251 0.836753419765623 -1.27631376052858 -0.857455604489398 -0.661025572691715 -0.20461461645592 -0.822791481230984 2.51391925008526 1.07319162715739
GS1_SS_22825_01097 0.270917923944486 -0.345199550749696 0.881511745522246 1.1784081005299 0.563901691328009 -1.13347088090568 -1.49020681134124 -1.23703937683858 -0.777885711536046 -0.492496967187602 1.52329119198647 1.05826864524773
GS1_SS_22894_07702 0.188397873734893 0.118849602235521 0.466590959732379 -0.0178487245046232 -0.696543925688146 -0.847631549979884 -1.06826744577099 -0.919578037737855 -0.568479177478958 -0.612342552848734 1.89065177408848 2.06620120421793
GS1_SS_23082_08845 -0.39109547688951 0.287011661527322 0.633783705257473 1.31837883675055 -0.413915314605945 -0.610210663747129 -0.947944261950378 -0.60345420199187 -0.921097394048689 -1.4378996011562 1.27922715439392 1.80721555646047
GS1_SS_23132_21807 0.210353074665857 0.278484568194001 -0.158255774935127 0.426976284857905 -1.26408232373808 -1.02125469295829 -0.158255774935127 -0.5969701844152 -1.44926022922483 0.386796173290025 2.30618263327392 1.03928624592494
GS1_SS_23274_18574 -0.290363478375859 -0.467190306883681 0.125288720980799 0.236842436249314 -0.368953179934891 -0.491203826804496 -0.879786240068599 -0.982389461548446 -0.148465406116495 -0.866687956475427 2.3790667179126 1.75384198106519
GS1_SS_23599_20453 -0.434397991863119 0.692153838721585 0.703592848678444 -0.254786470523831 -0.0494753068147998 -0.541352734959754 -1.00844564153151 -1.06945369463476 -0.733909402566887 -0.93790508013088 2.20095925203134 1.43302038359418
GS1_SS_23611_08483 0.406266534366767 -0.322608690668555 0.579092618653493 -1.84610819454393 0.511465020454339 -0.42179583469398 -0.921864352488832 -1.03081992736525 -0.605329622028905 0.509586476059918 1.76201202382035 1.38010394843458
GS1_SS_23616_03654 0.242900237633656 0.481585799956111 1.95050091257492 0.549931886083686 0.0825498047958829 -0.831710531941451 -0.863254879384948 -1.09878600696305 -1.41422948139802 -1.00415296463256 1.20615946073322 0.698505762542554
GS1_SS_23645_06270 -0.214049006193186 0.697851830303384 0.18045867800928 0.627649065381641 0.321354279510161 -1.26280235301713 -1.4833345988446 -0.662464572709032 -0.870745027101639 0.309102488075302 2.41788082984327 -0.0609016132574458
GS1_SS_23670_08592 0.421315138656415 0.784659231883088 0.841431746449756 -0.789831838765829 -1.17966977212361 -1.52661291669769 -0.907161702203609 -0.454243197105082 -0.259955036143597 -0.0869881084304831 1.75862325956014 1.39843319492051
GS1_SS_23789_21598 0.061602649415845 0.493441233834794 1.21268590315419 0.436543582509325 0.206035148934345 -0.158693385203281 -1.10406974568801 -1.34770840649194 -1.25287898761616 -1.2309952755679 1.73030863880231 0.953728643916478
GS1_SS_23848_11582 -0.179967264673344 -0.79968868337406 -0.8361247209459 -0.17687946487912 -0.337445054178757 -0.547415440185975 -0.386849850886338 -0.51036184265529 -0.473308245124604 0.0145641223627555 1.5742117984252 2.65926464611544
GS1_SS_23930_13289 0.372646752394371 -0.133230863432264 1.50265908904607 0.308590820520219 -0.642393398842188 -1.10392460029441 -1.31744437320825 -0.90682942529702 -0.790214780090231 -0.238676782055867 1.8429767578749 1.10584080338466
GS1_SS_23988_14773 0.293723702372427 0.104279594508747 0.525835402097296 0.443913625723813 -0.516960542990169 -1.24742971565373 -0.993130868161041 -0.977770535091013 -1.19452190174585 0.116226520229879 2.10129356397985 1.3445411547298
GS1_SS_24011_04165 0.126765468744315 -0.00555415713570449 1.36828294613709 -0.336516579398567 -0.492359694323924 -1.45453573930332 -0.675320164676543 -0.658984408395059 -0.75863252171211 -0.507061874977259 1.41581999691621 1.97809672812488
GS1_SS_24053_17830 -0.0703652015429741 0.123697796360525 -1.0676786846997 -0.763266138968725 -0.775949995040849 -0.252287937206011 -0.19249261572314 -0.34107492971088 -0.601999968908861 -0.159876985823393 2.6162567124768 1.48503794878722
GS1_SS_24151_07250 -0.202796569007097 -0.355323913522698 -0.301490733105427 -0.0113897053012465 0.156091300441373 -0.55570297396476 -0.802438384210584 -0.903525134105236 -0.746810764446071 -0.528786383756125 2.31360554227576 1.93856771870211
GS1_SS_24278_11465 -0.294847824087429 0.188988644282978 0.37861576371556 1.04709924535163 0.478217887053886 -0.559942706203282 -1.00623683577693 -1.13648576629628 -1.23800331508342 -0.987082581288795 2.00462042721373 1.12505706111836
GS1_SS_24381_01934 -0.26716582380496 -0.245124367822851 0.612488646753752 0.610484878028106 0.0233405660392363 -1.21695219976129 -1.09872984494816 -0.629847963146934 -0.772115542667819 -0.728032630703601 1.95801934602522 1.7536349360093
GS1_SS_24392_21127 0.659490952946217 -0.0271673362153252 0.100678951856794 -0.580411837662898 -0.871983855943504 -1.29325799551018 -0.537521470051606 -0.136455292147943 -0.633818593486573 -0.604537669444249 2.02146632829516 1.90351781736411
GS1_SS_24416_03486 -0.06123993244377 0.169079179138403 0.587108366660047 0.378669570678181 -0.112209551836905 -0.825899382896585 -0.661221218115331 -0.405567004259119 -0.475814333291682 -2.00052685196567 1.97650840727951 1.43111275105292
GS1_SS_24437_06260 0.0925380462750754 0.260501377807119 -0.273149940298764 -0.394589823585679 0.0264644872416451 -1.4003173077083 -0.714438530270936 -0.331304250605174 -1.31821710492278 0.226292959979819 1.94919992385179 1.87702016223619
GS1_SS_24449_19629 -0.121710431450805 0.222499826576553 -0.0253947170486545 -1.41013047984679 0.46565753178854 0.948815049937034 -1.5048672481112 -1.01697289154949 -0.186447223098153 1.0182886799976 -0.452341752693598 2.06260365549895
GS1_SS_24469_12814 1.00656101199349 -0.245845472934187 1.10351927528776 -0.133804246120094 -0.131252712875508 -0.776110214890517 -1.09760340370834 -1.54327121042934 -0.668945818617909 -0.558379378019187 1.73357788448417 1.31155428582966
GS1_SS_24537_12241 -0.0543194961998496 0.405088961344753 -0.111275861147265 -0.753814853210292 -0.716239473557484 -1.30557963863838 -0.643066365812541 -0.619334547084451 -0.158146203135242 -0.0938725274133324 2.03843138530552 2.01212861954856
GS1_SS_24888_15308 0.282969505328901 0.489299252082245 1.21396958214277 -1.12611169201101 -0.758744094133106 -0.127173771753967 -0.542349481684477 -1.06069006499166 -0.091946741820469 -1.38276576724078 1.24265444937433 1.86088882470722
GS1_SS_24901_21213 0.6617280248009 -0.0660985344638386 1.15338229238586 1.07911427613435 0.348316996219554 -0.243599093304933 -1.30340368521389 -1.55888566111907 -1.16823589563616 -1.03158274573339 1.23418589406749 0.895078131863126
GS1_SS_24913_15490 1.1098234480054 0.933541075960067 1.27981002104911 -0.785212051481923 -0.885944835507827 -1.26998857460659 -1.24480537860011 -0.665591870451162 -0.438943106392877 -0.375985116376687 1.46528425963681 0.878012128765787
GS1_SS_25046_13120 -0.460064362949737 0.226956212851375 -0.129140048958361 -0.327043638702712 -0.601982068753251 -0.855871542438438 -0.738691785352967 -0.53905219920735 -0.617172037264331 -0.226269047609207 2.39933870948591 1.86899180889907
GS1_SS_25196_11886 0.540058987829999 0.411590531125985 1.17688602564154 1.37543487114861 0.222380835018698 -0.668882871479675 -0.948321987378504 -1.49249289728675 -1.22776110327733 -0.933614665489092 1.50250613227313 0.0422161418734
GS1_SS_25224_21742 0.371977324245877 0.756070334035453 0.338465853593096 -0.398786500768103 -1.79337924101079 -0.620477768163428 -0.702451980991002 -1.24430668339213 0.0755296992405003 -0.0353159344571623 1.4306820163303 1.82199288133739
GS1_SS_25383_09416 0.259377914223266 0.269476334087905 0.158393715576871 0.568389562081235 -0.0936628442445315 -1.11804655531356 -0.901940370210278 -0.950412785560548 -0.954452153506404 -0.885782898426855 2.12798952597616 1.52067055531674
GS1_SS_25417_10436 -0.0675990257512539 0.0737853734449154 -1.26474052888319 -1.62815377904895 -1.43257641922692 -0.214725909129432 -0.0657680887656859 0.510713517728182 0.7506772287155 0.27768517411044 1.69069692198778 1.37000553481861
GS1_SS_25496_01901 0.446008901132576 0.554385505960223 0.443397416678897 0.55960847486758 0.264510731601937 -0.851898872345519 -1.57136283933388 -1.21228372695312 -0.847981645665002 -0.784000276549884 1.9563609349174 1.04325539568879
GS1_SS_25711_18032 0.107425076802883 -0.326173778893023 0.397924270484115 -0.639204289550123 0.611197805217524 -0.824958658511479 -0.888596729359351 -0.922995686574417 -0.881716937916338 -0.444850181285001 2.34112136356319 1.47082774602202
GS1_SS_25725_08917 0.74136800205561 0.485895729973291 1.51889230839311 0.584154296158798 -0.0448714118913818 -0.406121166528187 -1.17253798277515 -1.26652443738737 -1.3092455531202 -1.13836109018888 1.44831702520247 0.559034280107895
GS1_SS_25784_06957 -0.323982603412837 -0.176463042905681 -1.31461195157787 -0.861009024884745 -1.16669795374316 -0.353940118440962 -0.256139383072648 0.397246050029237 0.156639280218099 0.0777518147062508 2.33077782972464 1.49042910335968
GS1_SS_25844_06180 0.202760816077012 0.629093341993133 1.22383480163413 -0.294879997091984 -0.530045625266357 -1.04437561204773 -1.16271702493548 -1.35691831787947 -0.495150080440482 -0.332809937120108 1.75530912130821 1.40589851376913
GS1_SS_25850_05123 -0.74835278422197 -0.243904177156473 -0.21953341328266 -0.779798931155923 -0.606845123019181 -1.12046552294041 -0.294480063475248 -0.285046219395062 0.367985431933363 -0.232373923280691 1.883165611701 2.27964911429326
GS1_SS_25911_00488 0.240946535729053 0.690949176164436 0.761193490768983 1.23168405629736 0.611192610623856 -0.509789576607048 -1.48296601852422 -1.43174620579173 -1.07320751666436 -1.04393905224579 1.3438554461815 0.661827054067967
GS1_SS_25943_17819 0.701612873670548 1.39579365489636 1.1171874669156 0.170860303271442 0.544410499446766 -1.6673179537413 -0.786362074427825 -0.501530049844141 -0.945120907802337 -0.243157830822875 -1.18948499446703 1.40310901290479
GS1_SS_26238_00021 0.2302758766629 1.07481754819139 0.547212044786175 -0.235806723518385 -0.765276557324325 -1.18102223668603 -1.23881647910851 -0.498118010900412 -0.439578036317643 -0.865950398963483 1.83490505256703 1.5373579206113
GS1_SS_33898_17720 -0.607721034860734 0.279345083738386 -0.401240107819583 0.118971548172443 -0.371003014134754 -1.18740454362513 -1.39121257840685 0.605103827856706 0.493176464492976 1.03109603170374 -0.89672751041186 2.32761583329466
