V3 V4 V5 V6 V7 V8 V9 V10 V11 V12 V13 V14
GS1_SS_00277_09034 -1.09553944547326 -1.15582382656211 0.556252596361274 1.34683919406936 1.21938078833864 0.585533581461574 0.168710146504372 -0.899184604212427 -0.96635862885429 -1.49341636065968 0.808069068223848 0.925537490802696
GS1_SS_00522_13919 -0.831455538110113 -1.98669031369546 0.124026826711198 1.29424303310385 0.437138730583827 1.28592001598868 0.791532799347689 0.921371866344314 0.323446316790629 -0.300447046162381 -1.16437622271684 -0.894710468185391
GS1_SS_00743_08174 -0.0303043450943704 0.566116515685347 1.18996803366256 1.78011902993999 1.22993841986461 0.532415993985573 -1.15104262487755 -1.11185597173827 -0.915922706041914 -0.696477448461992 -0.22623761079073 -1.16671728613325
GS1_SS_00984_05811 -1.6031544505006 -1.70358174955054 0.65006895000177 0.838141891858936 1.2818479585705 0.818056432048948 0.953176798043417 -0.224561527178646 -0.909293111610078 -0.964071638364593 0.397357346574276 0.466013100106601
GS1_SS_01179_04305 -0.599227865145588 -0.236326866281532 -0.97426233205677 1.71716148930583 2.05910467972485 0.339461344682107 0.0471550690013325 -0.720562545616852 -1.3934185009575 -0.83086680059073 0.338358302132368 0.253424025802483
GS1_SS_02202_10050 -0.645353626758778 -0.450784324362848 1.21653974715871 0.960324725191793 0.970920083243057 0.75804970784949 -0.244656449547358 -0.279332166806038 -0.960324725191793 -0.704109703224875 1.37932297540085 -2.00059624295221
GS1_SS_02361_16821 -0.978271184015001 -0.514935280159675 0.784002960648534 1.08277473313455 1.50616788665753 1.1546716837328 0.295902551587147 -1.0901108849456 -1.52948113860151 -0.954305533815588 -0.523722685232793 0.767306891009609
GS1_SS_02610_15910 -0.518785641422566 -0.701166271093974 0.504572336178112 1.56508192352667 1.16316905443597 0.61940458448974 -0.672458209016068 -1.08956946391271 -1.38678234189575 -1.26857267451613 0.763282636786073 1.02182406644063
GS1_SS_03019_00127 -1.11999379097351 -0.458359475300155 -0.618755673039149 1.06722708728551 1.26772233445925 1.1692973949376 -0.196804311941681 -0.782797238908575 -0.881222178430231 -1.52098428532099 1.30727457867443 0.767395558557501
GS1_SS_03025_20848 -0.89978111089233 -1.15141137194476 -0.369125358753529 1.32430571260337 1.52723334248437 0.635366409157394 0.786547493418735 -0.665399698379781 -1.21533357535728 -1.19098225977156 0.0900998676671616 1.12848054976821
GS1_SS_03078_13763 0.870496919644368 -0.702690284532201 0.971180900711669 1.13199559269416 1.4074781520033 -0.0860009004949858 -0.0971880095024636 -0.792187156592023 -2.16260801000806 0.101383175380268 0.388052843696887 -1.02991322300093
GS1_SS_06515_12129 -1.08641726251521 -0.0708737589126666 0.669861993073447 0.265903285481333 1.37787564186393 0.976812695616558 0.307891824980154 0.0241072131950133 -1.09800030789419 -0.549253533064762 -2.06808035838422 1.25017256656061
GS1_SS_07606_16073 -0.666540149473708 -0.374645441158266 0.734837843361108 1.4022281715969 1.15425936598912 1.07632631279811 -0.019695807988275 -1.23332599086292 -1.43170103534914 -1.55214302664435 0.563668519261567 0.346731238469848
GS1_SS_08980_09757 -0.245848605230552 -0.190312212087654 0.939928437550233 1.71893892514925 1.11704450216812 0.621719914677414 0.0468431964685025 -1.73332335130113 -0.690139750373732 -1.5682151554709 0.485880899017084 -0.502516800566646
GS1_SS_09872_02104 -1.97026715467625 -0.149985373802499 -1.42752258698454 0.949420288957643 1.51025634223908 0.636298422981653 0.575065702524126 -0.0637029040668931 0.10927953122562 -0.554956320464779 -0.740046134575031 1.12616018664187
GS1_SS_10272_07376 -0.677193562530779 -0.105175436368619 0.561253448480501 1.25767163314783 1.23545733698619 0.670103499672523 -0.410622008591132 -1.17479379655145 -1.54132968321847 -1.4969010908952 1.03986045928298 0.641669200585628
GS1_SS_10504_01272 -0.421232410077226 -0.937286174389408 -0.0272428850988379 0.992779075274657 1.06529248477988 1.39281138437848 0.783698744534592 -0.323339307245172 -0.949371742640279 -0.840601628382442 -1.83161822495385 1.0961106838196
GS1_SS_10520_16010 -0.786344105821221 -0.0590982322210433 -0.2032699361468 1.59522644637008 0.91542948798597 0.86980553104744 0.346954984531879 -1.25170846659423 -1.91781823789678 -0.914091185249107 0.772808998596124 0.632104715397695
GS1_SS_10571_00811 0.10189948500804 -0.133695188976714 0.741644372088593 1.65720741407813 1.0576860079218 -0.185411093022148 -0.093471708052488 -0.306081535794828 -1.17759028915307 -1.03968121169858 -1.85372784945078 1.23122159705203
GS1_SS_10766_14340 -0.675088923096977 -1.33059005970442 0.310149148894819 1.48342997118612 1.50329364199241 1.13912634387716 0.151239782444529 -0.959801537987079 -0.443346097023638 0.701463463778657 -1.44977208454214 -0.430103649819447
GS1_SS_11419_13966 -0.199638479869868 -0.0757707045966764 1.43644838519687 1.26686750238238 1.0235558009529 0.365139590720993 -0.576402962992492 -1.67499216035592 -1.25472649425044 -1.35057655844994 0.638238542870934 0.40185753839126
GS1_SS_11507_13189 -0.840141935117054 -1.38116654482164 0.789045166422732 1.47169392066392 1.85886784097981 0.626024568394986 -0.318170357806965 -0.934897657720681 -0.789197998233383 -1.00723804809549 0.251790408047542 0.273390637286218
GS1_SS_12120_05140 -0.636821559228128 -0.379243331358281 -0.238619542088796 0.891940031048047 2.30653181221434 0.297143171880486 -0.422405088460796 -0.820607105600127 -0.854022659485945 -0.958446265379127 -0.678591001585401 1.49314153804372
GS1_SS_12683_11053 -1.19335531736397 -0.693794490832999 0.233344334198545 1.07842273527543 1.34763851210913 0.78041382722958 -0.123690492832236 -1.00763962104554 -1.22934673137917 -1.27541574131863 1.27939879113631 0.804024194823551
GS1_SS_13261_11151 -0.985596464349058 -0.230404344794086 0.418998649125758 1.38465778963969 1.00683948379995 0.90127260422708 -0.439982381504015 -1.30451956369025 -0.971150470302244 -1.5823271415136 1.11373983974637 0.6884719996144
GS1_SS_13650_21320 -0.91561039581114 -1.18095239321723 -0.505864590292897 1.72878434024272 1.39124043878055 0.488716638079578 -0.199006498054565 -0.623192684384024 -1.29647543970695 -0.720665254859729 1.05766764204147 0.775358197182209
GS1_SS_13865_02461 -1.50948158317108 -1.25531187356834 0.133071800273227 1.49647925987637 1.32017657113459 1.01017767676361 0.050797212193727 -0.481049232177327 -0.788109748402604 -1.22152052489283 0.582202899842927 0.662567542127724
GS1_SS_13964_05594 -0.779107925447114 -0.15979810589698 0.274432258363633 0.036411802370632 0.799133227600003 0.196090993171692 0.329656428908772 -1.55253170930926 -0.967469437384022 -0.452329241859601 2.61510944040991 -0.339597730927664
GS1_SS_14021_04434 -0.170647092051276 0.0106063118199361 0.367137732621551 1.36901094303056 1.5681905077242 1.03040568305137 -0.70444832543023 -1.07293052011346 -1.86367339194721 -1.08089770270121 0.241654606864558 0.305591247131217
GS1_SS_14086_10010 -0.803713113095341 -1.20533350173974 -0.279825227101535 1.57685935185333 1.3792880316331 0.550136261528529 0.409245238092792 0.268354214657054 -0.729219008750008 0.449731164367429 -2.0020965308246 0.386573119378995
GS1_SS_14170_20378 -0.786790692978282 -0.222724788291094 0.954927210246494 1.17080428487986 0.975044787094048 0.994388610985927 0.200904954941054 -1.56828117821019 -1.52959353042643 -1.28973011416713 0.544219141374121 0.556831314551626
GS1_SS_14370_20558 -1.35232430576657 -0.210076467624588 0.284760140956775 1.82287726596385 1.35828067235134 1.09986599898108 0.506062068683441 -0.430003849216305 -0.450622041240529 -0.201829190814899 -1.07466598650703 -1.35232430576657
GS1_SS_15903_20868 -0.837064620194871 -0.490157366875043 0.702409318779986 0.540052052074747 1.80036493534779 1.39155167385978 0.905647911634026 -0.756470005787234 -1.21317282076384 -1.13141016846624 0.061974143711766 -0.973725053320863
GS1_SS_16656_08703 -1.34083646071911 -1.07183128359737 0.548079673714981 1.30511610113409 1.36391504695305 0.909693190501584 0.362862994385257 -1.24969809469972 -1.01303233777841 -0.976282996641556 0.497659577675222 0.664354589071974
GS1_SS_16838_01196 -0.693450809503536 -0.751644051001453 1.4999867546487 1.35450365090391 1.08591945937506 0.459223012474423 -0.023109431479461 -1.05827766966355 -1.47682136812933 -1.32238545800025 0.448367734733465 0.477688175642031
GS1_SS_17135_14149 -0.99303390282461 -0.612064989818644 -0.207034882307037 1.35293256147529 1.36295805918597 1.13036651229812 -0.16292269238003 -0.440628978965958 -0.72234546463616 -2.00560917160363 0.758320292254662 0.539062657322018
GS1_SS_17684_13787 -0.74433516689683 -0.535588648372421 1.02138435136542 1.13610867766189 0.901484491551809 0.893721191276108 0.47536556530777 -0.951356507582193 -1.84844898388543 -1.43440630251471 0.639516236692872 0.446555095395723
GS1_SS_17839_02986 -0.307983336908393 -0.437562466695233 0.0680502161985134 1.42990146258569 1.14025399600334 0.873473434677496 -0.129621475907685 -1.33953484070167 -1.56820389326668 -1.39035018571611 0.924034702966871 0.737542386763851
GS1_SS_18405_20387 -1.13105194365467 -0.440794570981901 0.544398026316552 0.888359422845711 1.25800119513384 1.03621613176096 0.486033535955269 -0.32562197666897 -1.70691491521933 -1.70691491521933 0.626808686706683 0.471481323025189
GS1_SS_18514_08363 -0.412140001772946 0.339078088143537 0.750413443290608 1.402177210249 1.59529240045889 0.0638889420944395 0.465568537731016 0.498398120066698 -1.50420640240989 -1.34971425024198 -1.35937000975247 -0.489386077856903
GS1_SS_18576_21874 -0.748454158301451 -1.33273017322749 -0.840708265921351 0.87009290760769 1.68090400902259 1.5989003578049 0.609731314991527 0.205863332744407 -0.973964199150097 -0.809956896714718 0.488775929445435 -0.748454158301451
GS1_SS_18737_07574 -0.347979127024697 -0.931227424121222 0.733691795594564 1.65279613770334 0.896449856176325 0.724117792030931 -0.766554562826734 -2.25339731625894 -0.323996248097797 -0.363967712975965 0.613729530942241 0.366337278857964
GS1_SS_19601_00339 -1.21233575991899 -0.625318905728961 0.22989212893017 0.940059372111112 1.08920817655566 1.04952638454748 -0.291855019094673 -0.673210723669872 -0.429646620998952 -0.213586105202669 1.82031098586506 -1.68304391339537
GS1_SS_19904_14962 -0.619283915914316 -1.52106688869295 0.800236589866591 0.813009719792634 1.53596887360667 1.37417589454345 0.17060643871218 -0.397882997196238 -1.27411971012278 -0.454084768870827 -1.12084215101027 0.693282915285858
GS1_SS_20486_10400 -1.21595873598118 -0.375226138199864 -0.302964824010396 1.65225958107772 1.38822785615466 -0.146769214108545 0.125044498496455 -1.50222471142407 0.0286034368666645 -0.854652165033836 -0.368277934912415 1.57193835107481
GS1_SS_20698_16228 -0.77823100399578 -1.08521325081551 0.306160526664103 1.20319986184067 1.48227463167679 1.24971232348003 -0.00519389154972779 -1.26196060504506 -1.16893568176635 -1.122423220127 0.607468253163834 0.573142056473992
GS1_SS_21712_14622 -2.11036518737127 -0.0846825445104401 -0.599935932822897 0.733182061408925 1.03920816254786 0.676705141456247 0.35491803940029 0.0449516880321026 -1.02022929061027 -1.15945146537734 1.4698775126056 0.655821815241187
GS1_SS_21729_12169 -1.14844241734656 -0.936095591334869 -1.15945299351013 0.643135618411333 1.16063269809908 1.36354188739914 0.292370120629059 0.905816506885054 -0.652966489985949 0.11934678091583 -1.58257370608157 0.994687585919577
GS1_SS_22753_01285 -0.949649993206929 -0.5744821496084 0.292390687916265 1.35144759791102 1.27988969858705 1.27988969858705 0.145185866449812 -1.09174353615024 -1.31663979116843 -1.43931047572381 0.65038463567704 0.372637760729574
GS1_SS_23781_01960 -0.989111037310682 -1.42746350715397 0.769308584574975 1.66730492993966 0.855726642915509 0.848212029146767 1.11498081793711 -0.0748330287803903 -0.738623911685944 -0.813770049373365 -1.3022199443416 0.0904884741319364
GS1_SS_24089_11969 -0.525533744291387 -0.247186595138905 0.968535512188848 1.21413593791163 1.30282498053374 0.715430629013429 -0.225355446185769 -1.3714907662254 -1.56933555361319 -1.39877970241682 0.716795075823 0.419959672400831
GS1_SS_24432_14831 -0.53651775981063 -0.928612367841233 0.554271751251949 0.965037531093533 1.65587088809983 1.04758376436313 -0.178817415642361 -1.32168966912505 -1.6361515101521 -0.793000698898318 0.601342758080686 0.570682728580548
GS1_SS_24629_14833 -1.18262301817565 -1.02580723239518 -0.417925815605744 1.62244137466141 1.18899549486373 0.889459724271831 -0.671650233048292 -0.904230949037294 -0.551835924811533 -0.957090202671158 1.12221663777295 0.888050144174928
GS1_SS_24811_14271 -1.27204113857546 -0.384238503984084 -0.657033826547141 0.627783429274402 1.93086822901758 0.453036104120057 0.666754189640553 0.203976410292509 -0.165027976924484 -1.27204113857546 -1.35728967687642 1.22525389913796
GS1_SS_25290_14289 -0.314636092348865 -0.161659691964043 0.669052318322389 1.22766696071123 1.01638398149121 1.01324921918824 -0.108995685274186 -1.29268193087478 -1.70020103026057 -1.5810800627478 0.732499907334455 0.500402106422729
GS1_SS_25325_16089 -0.457909775888495 -0.766091502211179 -0.803221830683792 1.55826706017437 1.50999763315997 0.104614700471586 -0.334265782074695 -0.949886628150611 -0.959169210268765 -1.15039040190272 1.28944348203265 0.958612255341675
GS1_SS_25447_13585 -1.16856013554575 -1.73180760409714 0.658614652434947 0.430048829696794 1.53728070337511 0.303768747247573 0.965021275326901 0.604542895454014 0.133668011745053 0.57074804734093 -1.51777356604761 -0.785551856930811
GS1_SS_25697_04120 -0.304908065928446 -0.316308527754312 0.815594467813765 1.6407707523526 1.52676613409395 0.859024798578967 -0.265820768239764 -1.13334162527467 -1.36677965313763 -0.921618762794315 0.496815839997182 -1.03019458970732
GS1_SS_25732_02011 -0.581195077968167 0.215155930183525 0.550635291352402 0.964209848072065 0.997207818023102 0.603432043274061 -0.118343552788289 -1.21255623636468 -1.54363586820675 -1.73062436459596 1.39714321382967 0.458570955189008
GS1_SS_25853_14881 -1.02479951694972 -0.26713991738074 -0.655174927253452 1.00601144712863 1.34872849964395 1.5271679567387 -0.158093582489503 -1.16358576135675 -0.898758948049462 -1.33352810144699 0.880112496845116 0.739060354570218
GS1_SS_25854_01380 -0.221887591456865 -0.835461353204189 0.320453332515044 0.425683661046906 0.89841067537466 0.780228921792722 0.203890507064365 -1.12686841683089 -0.616906055484166 -1.51217331207063 2.28372747729335 -0.599097846040313
GS1_SS_26041_15157 -0.735789192127058 -0.549414322260902 -0.11401756744753 0.987003722602111 1.68081941462486 0.739548013031921 -0.355678428122722 -0.875178800682417 -1.70995027663755 -1.00673753235264 1.17823373613705 0.761161233234887
