V3 V4 V5 V6 V7 V8 V9 V10 V11 V12 V13 V14
GS1_SS_00016_00323 -0.0603669846028774 0.193502630403785 -0.126874014971002 -2.07284297482811 -1.14758063277796 -0.959123782557499 -0.214780016718999 0.392902136443501 0.60324429830247 0.351563214459657 1.29725184737241 1.74310427947463
GS1_SS_00027_18006 0.0183721315233381 -0.0555679734819723 -1.22210325596932 -1.21675561095929 -0.84063791192071 -0.0165658158755067 -0.0146050127051634 -0.273787540857819 -0.295178120897928 -0.110327858384652 2.14031767150216 1.88683929802687
GS1_SS_00031_10674 0.206329556459193 -0.309736812681382 0.30295474897913 0.0811560116038194 -0.483222953796724 -1.49998350235879 -1.09591451545724 -0.713739918769857 -0.360245436044077 0.0174712256247697 1.86081637565285 1.99411522078831
GS1_SS_00064_19601 -0.909365724555318 -1.13309624394793 0.0286851278377872 -0.524441409262975 -0.695608734340453 -1.1600517282121 -0.597760326461517 0.505797199313591 0.931693850687472 0.0259895794113703 1.96139334957875 1.56676505995131
GS1_SS_00083_12679 0.364735251754042 -0.00914661157649454 -0.407645281372165 -1.74688988997989 -1.23874480239686 -1.19357635016725 -0.32521285605314 0.219066993313573 0.724953658285124 0.887560086311694 0.857297223317861 1.8676025785635
GS1_SS_00101_20807 -0.0327966554177625 -0.226085363606458 -0.510630235757284 -0.718489255839093 -0.666019988633976 -0.748759986918968 -0.728579499532384 -0.294699020720842 -0.0826020982878502 -0.294699020720842 2.4645790196467 1.83878210578875
GS1_SS_00114_09277 -0.161370215356421 -0.240597898891587 -0.462547792483008 -0.490642715722428 -1.25763412015861 -1.13261171174318 -1.26184835864452 0.252468003960242 0.399966350967199 0.919722430896476 1.85008581396988 1.58501021320595
GS1_SS_00141_15755 -0.611602802163259 -0.885951292003422 -2.30433298447706 -0.585539695628444 -0.223536863284349 0.461099793111777 -0.00117741226889735 0.591415325785854 0.627080629465075 0.308836381250487 0.743815911892065 1.87989300832018
GS1_SS_00357_07789 -0.0493818366228384 -0.322521947346832 -0.559920303805083 -0.539612488881366 -0.797521738412572 -0.787367830950713 -0.791429393935457 -0.249413813621451 -0.165948694284974 -0.0520218525629217 2.20133329137271 2.11380660905149
GS1_SS_00367_05955 0.0912098471231268 0.0888550216602859 -0.519862650833159 -0.375987524704506 -0.763591795888117 -0.926074752824139 -0.857784814401753 -0.75111122093506 -0.00298317139050892 -0.177240255640735 2.05937296896554 2.13519834886902
GS1_SS_00368_18446 0.392014727011235 0.371531642400519 -0.4178549260586 -1.81385592337353 -1.08906985253282 -0.624261394058888 -0.461972339066295 0.133612736537591 -0.156301691798692 0.109978408140612 1.58208194289382 1.97409666990505
GS1_SS_00438_04895 -0.39564538258068 -0.277318799337831 -1.52413038943378 -0.976322133679847 -0.766621133377242 -0.503892293917657 0.178457669449439 -0.121741254703715 0.511525088947829 0.066704785275637 1.70224111365457 2.10674272970327
GS1_SS_00462_14207 -0.189418683171499 -1.0127206769542 -0.700110821047208 -1.07538670797703 -0.569736664551435 -0.919802079230694 -0.0429578443825086 0.132314962692841 0.132314962692841 0.401226666698856 1.40532376147846 2.43895312375158
GS1_SS_00485_11073 0.0516582803139672 -0.167387431264692 -0.764506041028118 -1.31518695993687 -0.975666106989946 -0.707554156017667 -0.375480857264419 0.211561649766389 0.161181136103297 0.0626105658929002 1.31971390464283 2.49905601578233
GS1_SS_00486_16491 0.378036250675652 -0.187227719294469 -0.198928401042602 -1.0603406607758 -1.37303129370003 -0.161405525091694 -0.568105083785401 -0.144661446038333 -0.691163978033 0.0280244776927252 2.05748755331707 1.92131582607588
GS1_SS_00568_02606 -0.141408939053105 -0.22891099130018 -0.336443633820682 -0.353311499314095 -0.351203016127418 -0.551508918861687 -0.793984485329486 -0.810852350822898 -0.481928973701362 -0.31957576832727 2.40268687399078 1.96644170266741
GS1_SS_00583_19760 -0.739340112936487 -0.0836778490180781 -0.614803488766265 -0.617109722547195 -0.314993097245361 -0.688602969756026 -0.103280836155983 -0.683990502194166 -0.522554137529064 0.0729154247070713 1.89091951421422 2.40451777722734
GS1_SS_00600_14339 0.295939417214192 -0.062180171562394 -0.576280736783893 -1.71112192255148 -1.34504412069097 -0.98055796144724 -0.213545384418631 0.252965066561002 0.859380903556022 0.396212902071637 1.30074340119045 1.78348860686129
GS1_SS_00686_13386 0.491166594883623 0.00380933140854906 -0.166054240350099 -0.755685382109175 -1.78553886952548 -1.20213309427065 0.443142338993743 -0.324712152401108 0.402232787680142 0.163890184374814 0.290176190603757 2.43970631071188
GS1_SS_00688_21138 -0.984333211666186 -1.34682127883247 -1.38443796504784 0.508365291334586 0.433131918903848 0.239918939706727 -0.0627243993896497 -0.93303773046341 -0.313371219040146 0.573339567524769 1.90804798842099 1.36192209854877
GS1_SS_00726_11946 -0.0514329296378132 -0.785007749117301 -1.69906261950822 -1.69406778415089 -0.403735316841307 0.468695925571882 0.205634596752638 0.0674441518665795 0.342160096519588 0.430402187832372 1.67911102716423 1.43985841354824
GS1_SS_00761_04084 -0.0395249849954917 -0.75664171013374 -0.685324057798562 -1.50725015045702 -0.514813795589798 -0.429998982035054 -0.330705897015912 0.0254883444813275 -0.254265982358319 0.874601829466451 1.19750136586799 2.42093402056813
GS1_SS_00762_13706 0.798765192910068 -0.294194054716973 -0.378538176720346 -0.649142234814501 -0.598184327770797 -0.645627896397694 -0.234450301631251 -0.441796268222876 -1.31159502638266 -0.208092763505197 2.16883002470236 1.79402583254987
GS1_SS_00763_11676 -0.577949420962896 -1.42544963139926 -0.852284749196633 -0.729813620520858 -0.301164670155644 -0.273633160429329 -0.382975384111062 0.0466533352835587 -0.205392247531187 0.943141997190235 1.70001357240653 2.05885397942655
GS1_SS_00871_17246 -0.182860346882506 -0.229452774997934 -0.19719647861033 -1.29032652285692 -0.991059773038588 -0.827986274634589 -0.509007343690504 -0.00957235462243255 -0.00831794309624794 0.20206479000957 1.83960943662028 2.2041055858002
GS1_SS_00891_09071 -0.0898049618967601 -0.213085268618817 -0.251017670687142 0.299191821313916 -0.848453003263265 -1.27519252653192 -0.975526550192155 -0.368608117098951 -0.0196300180703583 -0.319295994410128 2.10344652569381 1.95797576376178
GS1_SS_00915_16883 -0.298757383400798 -1.51069486391702 -0.911066603751295 -1.24801783151814 -0.461798300062173 0.0472516730694541 -0.786068567644241 0.621518012865631 0.78818206100837 0.742892917491321 1.12205362701605 1.89450525884283
GS1_SS_01245_21458 -0.219594296746761 -0.499216321202659 -0.469135931362067 -0.375424766409279 -0.621943460219656 -0.396074432471116 -0.232367286063361 0.272165791942333 -0.934881698476353 -0.687298588889592 2.65411541633293 1.50965557356558
GS1_SS_01357_11847 -0.0216139119807935 -0.475651557375383 -0.988113045626058 -0.845852443209467 -1.36478032247908 -0.769872348736969 -0.509600110224797 0.60261914503219 0.102605459492967 0.655966870938412 1.93146249942353 1.68282976474544
GS1_SS_01407_04820 -0.535338827548761 -0.374043949987528 -0.97244371227835 -0.576403402675899 -0.170202785825497 -0.576191729608234 -0.208303938005315 -0.388861064724124 -0.722669492432871 0.257376810859138 2.28774487590815 1.97933721631929
GS1_SS_01519_15323 0.158284003415584 0.913435606964286 -1.11855630334806 -0.725128082415246 -0.450737118072358 -2.06826032384156 -0.596867600133119 0.39607029079256 0.380217871634095 0.22313480906385 1.40053721383349 1.48786963210649
GS1_SS_01542_00623 -0.356618614601581 -0.524131703333593 -1.24778824665589 -0.213227410646978 -0.217247724776547 -0.573268876028316 -0.412456310845585 -0.325349504704938 -0.396821755897264 -0.0177731387144665 2.08393541283135 2.2007478733738
GS1_SS_01650_15003 0.0729618607217954 0.121183780164361 -0.49521814662322 -0.927118816413159 -0.72794132306343 -0.673429588041399 -0.746810769801825 -0.540924139834 -0.206515611525771 -0.105249580696383 1.96409974494764 2.26496259016539
GS1_SS_01767_10243 -0.495918919709295 -0.854969878292135 -0.19266642090622 -0.233908760743438 -0.665740319039017 -0.549291359498636 -0.449824539891227 -0.554143399479485 -0.309115380446601 -0.0640873614137164 2.06183395619536 2.30783238322441
GS1_SS_01943_17833 0.0761230887120674 -0.0944079112667701 -0.781471974912678 -1.11739630859057 -1.02847516144054 -0.828896586726028 -0.372434698022534 -0.116895081368267 0.0532011930022816 0.163068210369876 2.08672902704888 1.96085620319428
GS1_SS_01974_11102 0.301085100507149 -0.585636036172889 0.418661383823839 -1.35845514838988 -0.724033119660243 -1.90347021168079 0.320681147726598 0.287612818043779 0.167587028824657 -0.121454667662206 1.42822524151079 1.7691964631292
GS1_SS_02104_14142 -0.376669951641826 0.2292726217953 -0.145762004441424 -1.20981373469446 -1.06154423129854 -1.17710722659242 -0.206814152898566 -0.198092417404688 0.00686836670142841 0.299046505746318 1.55868315444955 2.28193307027932
GS1_SS_02250_20159 -0.0709038350750966 -0.283404233209055 -0.257649168066652 -0.758395188704195 -0.982168705515238 -1.24183042785258 -0.342514218781784 -0.237171780207529 -0.281293162295744 0.366805608090957 1.94166450942151 2.14686060219541
GS1_SS_02258_00849 0.208486337504698 -0.0635539385338041 -0.420632758875945 -1.33653629892771 -1.31992315229941 -0.887981339963465 -0.159079531646561 -0.113393378418721 -0.00748456866327309 0.266632350703768 1.94393716716406 1.88952911195636
GS1_SS_02297_05154 -0.685807392836382 -0.665721791919743 -0.410789164900869 -1.4042538871623 -0.79859576721443 -0.821771460579782 0.187298228547655 0.911770403148567 -0.282550328279253 0.938036188962633 0.738725226020603 2.2936597462133
GS1_SS_02314_11725 0.0283172399989422 -0.427168577856384 -0.554897405085656 -0.431988533600885 -0.892294307200712 -1.30464152114276 -0.309079662116114 -0.169300945525591 -0.251240193182105 0.163276000844965 2.03727479430688 2.11174311055942
GS1_SS_02315_09503 -0.56246123482227 0.359866716368667 -0.895973583644724 -1.28252428443625 -1.58816902459699 -0.96788999309431 0.399420741565939 0.420995664400814 0.430884170700132 0.802152634483619 1.8441315118963 1.03956668117906
GS1_SS_02437_09195 -0.189316561244936 -0.489739615539346 -0.957443688702235 -0.214418754952691 -0.884647326949746 -0.742066866689698 -0.547775887391675 -0.0738464701892635 -0.331143955693751 0.212318538079142 1.91926771020647 2.29881287906773
GS1_SS_02507_08604 -0.382519996305578 -0.255426066719881 -0.971691448942762 -0.960924426781995 -1.04706060406813 -0.596999077748062 -0.356463802676521 0.0210279942799784 0.313890997052848 0.184686731123641 2.00646688072546 2.04501282006101
GS1_SS_02589_15146 0.0227039481539806 -0.0602148190170789 -1.71464164971584 0.151030611633001 -0.747256032720143 -0.391889887701317 -0.335228730134426 -0.690002598244888 -0.125957555845562 -0.0207296917927649 1.77762042763862 2.13456597774642
GS1_SS_02611_13623 -0.363177417810507 -0.299866260766401 0.0335724996658882 -0.120484649141435 -0.923692194840988 -1.34661072389561 -0.96674378163098 0.132759979034987 -0.0592838639987999 -0.105712045831144 2.17074612428475 1.84849233493025
GS1_SS_02710_14477 -0.0726095538779549 -0.651488790084534 -0.144047676180519 -0.187832331785315 0.18779392419268 -0.822709838054872 -0.918344743717981 -0.718778892382433 -0.763946221322118 -0.114089753924605 2.09726579967346 2.10878807746419
GS1_SS_02764_00289 0.444135269823321 0.362727273317954 -0.426478026136856 -1.14332066203134 -0.891182006188326 -1.65551264004427 -0.503363356169702 -0.573464686493769 0.222524612669821 1.10331390819317 1.76950267959542 1.29111763346458
GS1_SS_02882_14423 -0.390833600618633 -0.0998668567244341 -0.0808316491799538 -0.116182748905417 -1.64987661391783 -0.311973455077214 0.00618644245195617 -0.377237023801147 -0.263025778534265 -0.749783228600261 1.80474162386899 2.2286828890382
GS1_SS_02915_10406 0.254331307702954 0.221153739027063 -2.33063404304468 -0.436627622547113 0.0855584583516849 -0.229195693173502 -0.112569326762817 -0.38037000609669 -0.599630459954748 0.183648661393448 1.84699885444429 1.49733613066012
GS1_SS_02916_07795 0.139150972521299 0.254090207949981 -0.352533534590288 -0.454701743860228 -0.301449429955318 -0.384461099987145 -0.882531120178103 -1.06419896728622 -0.0843419852566953 -0.920844198654331 1.59504795461795 2.4567729446791
GS1_SS_02954_02533 -0.953916911287871 -0.0388985832040153 -1.15871408775934 -0.870838811398501 -0.644789097746028 -0.980965594972782 -0.453516263117012 0.232361073178952 0.400449321792329 0.910510214136371 1.65744029360685 1.90087844677105
GS1_SS_03135_09434 -0.334516013289601 -0.367392454417405 -1.00393858074613 -1.72288883219109 -1.30572016777241 -0.325640084259416 0.25999371315217 0.646984218868223 0.808526127217585 0.405558949247199 1.05563199141793 1.88340113277295
GS1_SS_03153_16833 -0.371613222166252 0.43206620078708 -0.946934394985267 -0.821248846461728 -0.384004755119277 -0.509690303642815 -0.982338774851052 -0.201672198810481 -0.348600375253491 0.0144715402701398 2.26477392453947 1.85479120569367
GS1_SS_03239_12940 -0.252811630641248 -0.519022543917395 -0.14185492198775 -0.987553751283414 -0.697916277638966 -0.519022543917395 -0.680878779189292 -0.198291635602293 -0.374203807095171 0.0689841213269589 2.07685331362097 2.22571845632499
GS1_SS_03301_03161 0.742434717672632 0.544063002077487 -0.0871753892144714 -1.55108517930087 -1.30985537700307 -1.45312383826623 -0.433101374743042 -0.119625083432196 0.127727302680269 0.595492706120673 1.52171718560319 1.42253132780562
GS1_SS_03348_21436 -0.257247035892348 0.261099765481553 -1.22543516944816 -0.246785609562536 -0.709113160267123 -1.21362388165643 -0.482673900031519 -0.334695337269503 0.142986887564323 0.158172829010824 2.34309233779684 1.56422227427408
GS1_SS_03374_12514 -0.125754123897304 -0.117821247264356 -0.531773173383653 -1.67843443214617 -0.991519432793151 -0.582255115593323 -0.434415141979288 0.292164240538467 0.178579870566709 0.239879371821309 1.60325239678391 2.14809678734685
GS1_SS_03436_07608 -0.502823381721735 -0.412129663132891 -0.672118323087577 -0.650956455416846 -0.115313856842129 -0.211504164436357 -0.721037965235499 -0.596265394813271 0.0825633473517128 -0.516564854235196 1.8579615960909 2.45818911547889
GS1_SS_03558_17462 0.584796775138553 0.11891851196226 -0.879942996006779 -1.31959632383871 -1.84409503072593 -1.18075843083915 0.0788097873179433 0.735975814182515 0.523862366544303 0.772999252315731 1.28137733718244 1.12765293676682
GS1_SS_03617_14157 -0.384596805915536 -0.398395814513035 -0.0185985615197034 0.181755142043166 -1.29408974476501 -0.743822530754314 -0.712781816117813 -0.398762659322375 -0.275389928058028 -0.0863237570902507 1.79248604336268 2.33852043265022
GS1_SS_03634_18124 -0.946139882002829 -1.15375505307552 -0.579500324576579 0.626986773279377 -0.559622276282385 -0.331024720899151 -0.836258448376588 0.0748187651073145 0.243230007599793 -0.434832306435499 2.14682921577298 1.74926824988909
GS1_SS_03711_00236 0.31671700708303 0.522322135788371 -0.127820094719104 -1.60226419416681 -1.85759082458521 -0.641429769171268 0.0815477422239809 0.0304824161403016 0.164864853202615 -0.0920743664605287 1.62681138600353 1.5784337086611
GS1_SS_03725_19083 0.440405021007282 0.0654635681758164 -1.12437080028533 -0.537768849887711 -1.34359060133598 -0.79176144696709 0.319456165255196 -0.521138382221799 -0.389606501591406 0.0654635681758164 1.90328143132876 1.91416682834645
GS1_SS_03758_11583 0.5230214640084 0.38455398526623 -0.640806458584018 -1.8011288753855 -0.498833474050907 -0.851136806040479 -0.0879881953526196 -0.367377006890619 -0.816081748131069 0.880583054684384 1.67650814451754 1.59868591595865
GS1_SS_03780_21645 0.256821440568994 0.161955258520282 -1.40980489405951 -1.27397376976249 -0.303751453355213 -0.626943287198439 -0.458987023980378 -0.405085784179974 0.267601688529075 0.0390604317753598 1.47585187989494 2.27725551324736
GS1_SS_03824_13900 -1.22322981464458 -1.64350518125408 -0.141113823806874 0.191777555685803 -0.0469406046082874 -0.902383846909863 0.200537855146137 -0.136733674076707 -0.390782358426381 0.673594026004151 1.25111676792664 2.16766309896405
GS1_SS_03842_16443 -0.041936357767017 -0.0754710204697907 -0.164608317460389 -0.502118471114112 -0.35716218717309 -0.683854707696886 -0.4891373113582 -0.547552530259805 -1.12305061277192 -0.28749662981636 2.36909771423111 1.90329043165646
GS1_SS_03984_12345 1.26195543927553 0.825964630292528 -0.825887871347284 -0.0490873454832091 -2.28584300987838 0.532745459462412 -1.03927773912417 0.968736268445411 0.38030219420885 0.618715478135116 0.480549376696842 -0.868872880683636
GS1_SS_04183_00794 0.500745793154558 -0.178398378396587 -0.0927671567662253 -0.417575238812425 -1.95795296124365 -0.93431536934047 -0.911677230288766 -0.0112698561800879 0.232040925279975 0.402319101625407 1.91503892373694 1.45381144723133
GS1_SS_04353_15253 0.239092003028325 -1.28055469056604 -0.310602797315592 -1.17161282553316 -1.96928885424855 -0.341494278705426 0.307411477709967 0.523448735487053 0.807805467945781 0.89274319322566 0.721944506521554 1.58110806245042
GS1_SS_04462_12108 0.303058014469415 -0.261280899821049 -0.985042078733193 -0.762407494722866 -0.804151479224802 -0.772346538651898 -0.199261265703886 -0.772346538651898 0.102289327102959 0.201679766393284 1.44704197070105 2.50276721684288
GS1_SS_04497_13401 0.473051691008533 0.5546532696154 -0.841640408768753 -1.72241935246191 -1.05147303947212 -0.936194618900519 -0.432337252581933 -0.0128015174904422 0.237313797255365 0.474346954161023 1.49203521307237 1.76546526456299
GS1_SS_04675_14546 0.15500971081992 -0.168948997545443 -0.346389545689187 -1.07358449387127 -1.23546008165153 -1.05905719753202 -0.729080037826105 0.0138874035243106 0.2919813620186 0.377069812005659 1.61894611620702 2.15562594954003
GS1_SS_04677_21037 -0.419538442303409 0.0427234284288498 -1.13993061430297 -0.294768645335853 -1.43201466359752 -1.00217248601175 -0.176135067891291 0.0161331438292066 0.159311599365747 1.14110672304488 0.777842527283602 2.3274424974905
GS1_SS_04710_17096 0.0129344338826865 -0.593254077262213 -0.811695240404908 -0.844071001289178 -1.15449741447365 -0.129899805312624 -0.97357404482626 0.0643547599929984 0.102443890445081 0.416679216674765 1.68657082594721 2.2240084566261
GS1_SS_04816_18132 0.630544484329924 0.499346186840495 -0.192724832416242 -1.37022955238387 -1.65230589198614 -1.05535363840924 -0.442165595518019 -0.159925258043885 0.297628804450498 0.207429974926516 1.63076750481496 1.606987813395
GS1_SS_04917_11028 -0.203834548618306 -0.438233269892449 0.0757391989377634 -0.96840055946524 -2.51969391480684 -0.561825322927907 0.250472791160307 0.554764949323468 0.804506132353737 1.17954408639237 0.712962777208853 1.11399768033425
GS1_SS_04919_18152 0.413989851119643 -0.0292309330286343 -0.7656937511336 -1.43052492735602 -0.255766000482198 -0.576093749025726 -0.556171198627142 -0.875379702766255 0.205810391898482 -0.0493773323081015 1.94735468516798 1.97108266654157
GS1_SS_05061_10027 -0.112670050004268 0.338676199165224 -0.361850791733258 0.0354279380044717 -0.531105635171818 -1.04145600337336 -1.02652866648677 -0.863973493934318 -0.29367870201495 -0.223155850582216 1.80249551873732 2.27781953739394
GS1_SS_05062_07776 -0.393448063450861 -0.272563610607462 -0.676228776389394 -0.605963791937121 -0.613133688309802 -1.85065780223452 -0.0438439163189433 0.641598176909345 -0.158562258281837 0.363406197649329 1.97921404419668 1.63018348877458
GS1_SS_05090_06352 -0.0541850138283646 0.0551894734049974 -0.93810944126533 -1.05641245806876 -1.34882180148857 -0.84168132190857 -0.38230847552845 0.528401540618726 0.327509625292143 0.11768918039549 1.31165679715315 2.28107189522354
GS1_SS_05093_12447 -0.640737953337123 -0.217281398712993 -0.262416033997214 -0.254964561190857 -0.250493677507042 -0.870669114219003 -0.794025393925043 -0.232397243548746 -0.517895101643748 -0.271357801364843 2.51911231500442 1.79312596444219
GS1_SS_05186_13726 0.37621397755774 0.353654241781116 -0.134608322434851 -1.75379474545969 -1.39299089044634 -1.27905283096844 -0.595424474101029 0.6408034712342 0.437613931831942 0.628143686847766 1.44387689378761 1.27556506036997
GS1_SS_05256_11488 0.282828949821165 -0.276229815178628 -0.181600714644142 -1.8185181379249 -0.938633518920031 -1.63590057548993 0.0906654693498179 0.632707597849988 0.435148598488517 0.616936081094241 1.21094120690545 1.58165485864845
GS1_SS_05311_19296 -0.373562675199905 -0.330135730000159 -0.319222152148915 -0.525898032706866 -0.744169589731765 -0.614570852748231 -0.614570852748231 -0.280797263464323 -0.42813056445613 -0.184848724855461 2.30117336317604 2.11473307488394
GS1_SS_05383_15916 0.203211624901077 -0.284283459748412 -0.524145888961991 -0.648791205783285 -0.900457449990661 -1.04893311029 -0.366439991780712 -0.295419134270863 -0.424345499297454 0.0992786626915413 1.89484431457819 2.29548113795257
GS1_SS_05411_19873 -0.112651054701475 -0.0991582271888838 -0.76519792527915 -1.37912157710203 -1.25937273292779 -0.959157320772643 -0.231556597156182 0.39349863736459 0.509874274660686 0.369886189217556 1.50395834165082 2.02899799223451
GS1_SS_05428_17028 0.241889641203073 0.183861357003118 -0.0727245779158131 -2.3138778324732 -0.598258995257144 -0.65502579501797 -0.344700622992124 0.344069880772559 -0.0942959618249268 0.0260496536680232 1.89203743602831 1.39097581680609
GS1_SS_05465_20155 -0.635457323785136 -2.09178932229835 0.564784983068916 -1.26326384928342 -0.464663006374934 -0.0153864169538193 -0.200634127136517 0.393787096746425 0.118969065156709 0.599391698157991 1.35911087881934 1.63515032388279
GS1_SS_05476_18799 0.193860823794723 -0.088447150741995 -0.473021656451948 -1.79164294413902 -0.722237901523104 -0.457317106875071 -0.593236244284471 -0.189778887297559 0.173295342205956 0.124686022087051 1.76076356193528 2.06307614129016
GS1_SS_05726_20420 -0.451836449001666 -0.828800542540987 -0.00884787517380259 -1.00724508386137 -0.587900411758463 -0.38938085953953 -0.721733817748754 -0.322464156544385 0.096211348528576 0.0569535494380906 1.70444277717858 2.46060152102372
GS1_SS_05894_03090 -1.03755586135192 -0.792051474229607 -0.193105426336368 -0.112681575382506 0.203087860467922 -1.05872003265557 -0.54231425284656 0.211553528989381 -0.713744040406109 -0.0127866868292873 2.16754624087253 1.8807717197081
GS1_SS_05958_05881 0.510628570405809 0.635439592109267 -0.514992434026962 -1.49177434301055 -1.30320116891511 -0.444040081471626 -0.997956822357738 -0.0252448379949116 0.266433093159911 -0.0483077441792463 1.54045516361337 1.87256101266779
GS1_SS_05963_21487 -0.652548464667899 -0.0849589447017746 -0.347215709507551 -1.39624276873066 -1.29488749730813 -1.10991412696203 -0.0178110773843537 0.542176797225082 0.452223993837593 0.715747699536151 1.10773921176276 2.08569088690082
GS1_SS_05978_12513 -0.237244086252327 -0.0638459009865128 -0.549516858592674 -1.27314708056812 -1.0215344157842 -0.701654748927135 -0.0728181355446989 0.242380365455926 -0.355833621282265 -0.0306876428366946 2.15775739505131 1.9061447302674
GS1_SS_05981_18711 -0.0053950740319087 -1.06438692524367 -0.944249194223852 -0.715097596167525 -0.253457240859875 -0.799638962440733 -0.641680093877633 0.183710613684478 0.152563794531191 0.0235269723247151 1.90434989462393 2.15975381168089
GS1_SS_06002_09021 -0.512424449725416 -1.14423323408392 -0.298437974779851 -0.706109643714606 -0.904458645491073 -0.262773562288923 -0.0515305036888144 -0.103655414252478 0.247501877965885 0.0828968972385276 0.778078599177068 2.8751460536436
GS1_SS_06016_21647 0.37918845805464 0.113684443629704 -0.539634423326039 -1.55690261342608 -1.49127240761317 -1.01992820222958 -0.390474864660344 0.54028078141359 0.329965803694961 0.435869090347604 1.55933888621762 1.63988504789709
GS1_SS_06093_11777 0.410451396779403 -0.00588081552846213 -0.585350295425047 -1.61879904938074 -1.78119813928806 -0.991348020193355 0.121823923353206 0.559563288421582 0.519701693626148 0.733773221231256 1.09629228056528 1.54097051583879
GS1_SS_06129_17416 -0.800733312354041 -1.02378477742655 0.0550122122991326 -1.1331657843371 -0.646313067303844 -0.935851026772963 0.0828936454331959 0.0507227610477382 0.198708829220843 0.724166607516652 0.914189297953422 2.51415461472352
GS1_SS_06277_02266 -0.0885751670811428 -0.379248806224592 -0.54685171236023 -1.02051209926529 -0.433497089853036 -0.769512577999363 -0.704738507995252 -0.631867679240626 0.117082505181911 0.297235387380845 1.88662913010673 2.27385661735005
GS1_SS_06343_05089 -0.141905616620441 -0.635135662403744 -0.427721850047435 -1.06655639210487 -0.707730496728451 -1.08107535896981 -0.400758054441115 -0.110378717142282 0.0229883642028242 0.572012725509974 1.68769162217456 2.28856943657078
GS1_SS_06463_20592 -0.190098580420323 -0.0538710157845088 -0.261356075768287 -0.381341123082139 -1.20656579347217 -0.988601690054863 -0.53590701372662 -0.343930938024457 0.107506253091763 -0.333661475459604 2.1855005659596 2.0023268867416
GS1_SS_06565_00932 -0.143530685542245 0.274201435939694 -0.782212028303887 -1.1809563260821 -1.02042290749607 -0.823640007293832 -0.575072133354165 0.0135504014612943 0.209297602188781 0.0836327325859502 2.0569854651403 1.88816645075628
GS1_SS_06584_04845 0.185590140093058 -0.413043642665314 -0.592797786748375 -1.76447990839928 -1.25277103108254 -1.09532214575431 0.249553749757651 0.464405874528463 0.380761154197842 1.14832447017296 1.02712163032133 1.66265749557851
GS1_SS_06686_10635 -0.0845733351896794 -0.159498530393691 -0.553942307465393 -2.11676714478342 -0.284142068586909 -0.186791466929724 -0.0498052631692562 0.0875286213114154 -0.454853302207187 0.108389464523669 1.77325859322163 1.92119673966853
GS1_SS_06715_10533 -0.148741135901958 -0.1048400276245 -0.918892006826502 0.109648244245365 0.423227589084348 -1.93363476672545 -1.06941009234921 -0.439742767912535 0.786979629097569 0.064492818588551 1.69460368479952 1.5363088315248
GS1_SS_06822_09373 -0.183052070935106 -0.123649118519387 -0.44956261420563 -1.28280943322612 -1.10460057597897 -0.785109021094423 -0.150942366926609 -0.0326181076552981 -0.0851174737091905 0.164856571996958 2.21345568773906 1.81914852251472
GS1_SS_06872_15562 -0.23762874274559 -0.199951862810962 -0.311440174196468 -1.14143319591426 -0.661108059905556 -0.53772178643543 -0.299101546849456 -0.434165449773004 -0.359252355166142 -0.0673116188305773 1.71319637386957 2.53591841875787
GS1_SS_06880_08305 -0.660078187470447 -0.519571729620249 -0.36773410581439 -0.447052267504018 -0.721266483631017 -0.605688590883274 -0.309265289483178 -0.63288338917686 0.162564460910552 -0.252836083023986 2.11447110843274 2.23934055726413
GS1_SS_06944_10613 -0.246133419722292 -0.149858899869405 0.158609557405412 -0.397961303972082 -1.73120056080144 -0.432396921932822 -0.571591498147618 0.347383125744406 -0.486539670654225 -0.411860017245393 1.90424645583687 2.01730315335858
GS1_SS_06982_12903 0.615115734599871 0.502651709990448 -0.344903258080564 -0.711470781771277 -1.27558380955854 -1.1354112571468 -0.6795244791286 0.145700675360541 -0.121605122261855 -0.473666416691353 2.46555641777491 1.01314058691322
GS1_SS_07037_21266 -0.433520474574138 0.108744621980339 -0.264352303426801 -0.220345405206419 -0.549389084949026 -0.398528154240922 -1.33961300770576 -0.966516082298624 0.0739840388678724 0.0276365947179171 1.41620602145058 2.54569323538499
GS1_SS_07038_10129 0.111487665378278 0.00955080219014649 -0.274936259870607 -1.29777213199641 -0.931978286202269 -0.978786029502941 -0.673668887987447 -0.0117900615147157 0.127436970502951 -0.052339436174076 2.12162019712382 1.85117545805327
GS1_SS_07168_21338 0.19331746473279 0.0350317663643393 0.215276174333038 -1.20014564864958 -1.86805639899045 -1.01349661704748 -0.326371995806401 -0.1517636566351 0.567530474170342 0.40649993710186 2.02073957659006 1.12143892383658
GS1_SS_07353_08361 0.283884041883756 0.0405548631262508 -0.811097262525017 -1.54615415668831 -1.02570007990143 -0.757024111690016 -0.479899213660635 0.0878688701068768 0.263606610320631 0.239949606830318 1.75399783021035 1.95001300198723
GS1_SS_07373_04907 1.14116052731633 -0.671282977818046 -0.0162652998149158 -0.502881964770094 -1.53638677784443 -0.767969815500152 -0.9994549809264 -0.418075187574763 0.0690748533376181 0.330429072367253 1.49603333084228 1.87561922038532
GS1_SS_07388_06200 -0.0855489704547134 0.127540561609689 -0.547171784405854 -1.26245227780841 -0.933636767408427 -0.619767416572083 -0.741471858733114 -0.149176906882761 0.140351555521377 0.0848372485707307 1.61745915353895 2.36903746302462
GS1_SS_07460_18283 -0.341127595114369 -0.512014430166928 -1.8582731921358 -0.705029333652567 -0.873008831246764 -0.546740960919574 -0.163941528902029 0.693723021314496 0.924694830506517 0.432062650061997 0.878985024911173 2.07067034534385
GS1_SS_07474_19424 -0.0147674624920085 0.458021404827602 0.0887629464100959 -0.325876341242832 -1.04144401743788 -1.52803693927777 -0.863716815489265 -0.446144166250777 -0.530694000187496 0.53221819787411 1.89001951062521 1.78165768264101
GS1_SS_07529_12765 -0.0787732566804658 0.312996839858463 -1.15288831840897 -0.328176124041706 -1.54899535328597 -1.18469253288814 -0.262948571437143 0.184334335829073 0.197345150843281 0.273964394815839 1.75719730643555 1.83063612896019
GS1_SS_07534_14390 0.408092648985469 0.186731245376047 -0.52726113467091 -1.26400077551822 -1.1927033909201 -1.16384492572562 -0.834518911153315 0.172302012778807 0.511643612330368 0.220342869543735 1.59502434686667 1.88819240210706
GS1_SS_07558_11971 -0.185404712140548 0.660811736630028 -1.41042787145678 -0.132588102134335 -0.90527554481783 -0.937494827610291 0.124590815869777 0.526181162104386 0.825360216605814 0.88404533883494 -1.44494853159156 1.9951503197064
GS1_SS_07650_09535 -0.0425003929956876 0.697966705054703 -0.548450678147699 -0.480592310084291 -0.723004593480615 -0.330151588434283 -1.38899819953689 -0.555279193172947 -0.185472426336829 -0.394168916795989 1.73419386013617 2.21645773379435
GS1_SS_07764_16164 0.065015202199565 0.346424286346936 -0.00873338537009083 -0.378446699370602 -0.94805750073097 -0.68799669193271 -1.44294933836945 -0.526914250662146 0.0902449821576051 -0.45316566309249 1.912223245589 2.03235581323536
GS1_SS_07803_09391 -0.134497118714332 -0.583836100645257 -1.52551301014643 -0.553736838697731 -0.77733135602221 -0.489238420238747 -0.0807484366651786 0.0826475567642486 -0.250164282484111 0.370740492547712 1.66930865085527 2.27236886344677
GS1_SS_07841_08856 0.366329164310876 -0.906187472720683 -1.03212500564549 -1.13068481402143 0.262293811025163 -0.632410227231966 0.171947320013886 -0.561228143404899 -0.128660095532726 0.0283055252141391 0.908043074051218 2.65437686394192
GS1_SS_07847_08655 -0.116564359009162 -0.607068419845235 -0.805168503312896 -1.0940644583699 -0.79691433316841 -0.549289228833834 -0.784533077951681 -0.18703433661771 0.754869653994935 0.536134145166059 1.24681819460629 2.40281472334154
GS1_SS_07915_10907 -0.424853528546111 -0.869277696515036 -0.744664645496298 -0.877991895886976 -0.725711261862329 -0.521363286590343 -0.30067618749597 -0.106785251470311 -0.0152861580649443 0.429138009903981 2.00292241647629 2.15454948554804
GS1_SS_07919_15902 0.538662359095327 -0.179217087094597 -0.591239445295153 -0.735826432344673 -1.26867497902367 -0.313187547122999 -0.664291262178564 -0.373853415815105 0.0230024752124236 -0.426936050920698 1.57807090935342 2.4134904761343
GS1_SS_08023_08569 0.0777343851547442 0.0667410994898791 -0.639415838512039 -1.73874440499854 -1.6999445732402 -0.995080962963555 0.262098252393157 0.730218222557616 0.867310961437109 0.673958466508012 1.178226946594 1.21689744557982
GS1_SS_08262_07300 -1.19233647365125 0.0523266454012532 -0.31384971104878 -0.354709560472151 -0.524157759551424 -1.46874133739759 0.116500644201489 -0.0364834390807206 0.565838811830853 -0.571026410360585 2.25971992248501 1.4669186676439
GS1_SS_08321_07834 -0.0616755702194662 0.707311793306742 -0.670602215545649 -1.84148116498714 -0.820224191254368 -0.23739440215645 -0.790125817071103 -0.0947315881086019 0.202772572893619 0.310639578637114 1.04570102906658 2.24980997543872
GS1_SS_08437_01981 -0.304578139684352 -0.0708298044115768 -0.514173145693245 -0.73175272335962 -0.839544440735622 -0.835552154906882 -1.07508930463133 -0.276632138883166 0.617639886754778 0.0281788841411956 2.19539124627315 1.80694183513667
GS1_SS_08592_06652 -0.184946464839501 -0.197499392317295 -0.696101671735279 -1.27454056991203 -0.497514359036576 -0.539692195361964 -0.265285200697383 -0.441026185386502 -0.385793304484208 0.377424686165678 1.6668613966847 2.43811326092037
GS1_SS_08652_20823 -0.167920830408248 0.339888854094397 -0.259002174311671 -1.31953837044742 -1.56595707484367 -0.811104841123516 0.0154895470411101 0.216679501896274 0.0513606242633486 -0.195650732713092 1.7466589260274 1.94909657052508
GS1_SS_08676_10098 -0.230929295247582 -0.390850736762628 -0.656566362664551 -0.815120954252118 -0.361600148314577 -0.0827627631088552 -0.662033762374467 -0.356406118590157 -0.105179101919511 -0.571548297175355 1.52547286156297 2.70752467884683
GS1_SS_08700_17136 -1.52153935780284 -1.29619032161444 -1.61206418430587 -0.0249906302952522 -0.855122549929447 0.583644373427267 0.452672284018623 1.16146241493599 0.820549770445842 0.400668660282839 0.664346293224651 1.22656324761264
GS1_SS_08717_03580 -0.143066063467473 -0.0535498673314005 -0.44315845432364 -0.538216129268136 -1.21726041710034 -1.15545161500639 -0.292899125095232 -0.0151857832730837 0.0189156247787534 -0.27563528726899 2.20396334570022 1.91154377165571
GS1_SS_08727_11684 0.174662120593259 0.499339332550878 -0.910281146809645 -1.34681795295996 -1.26481918264074 -0.427294170189479 -0.323018277297981 -0.223482197719733 -0.0504790117861115 0.14148342740051 1.58309764662547 2.14760941223353
GS1_SS_08816_20069 -0.425384030610072 0.0105406575510274 -0.0655295740233768 -1.35661044880007 -0.47630882452516 -0.900189059353646 -0.246407680211405 -0.339382407691232 -0.0507381401061316 -0.274638188373461 2.35963166980839 1.76501602633513
GS1_SS_08847_07748 -0.313660117171834 -0.644263593161809 -2.24819792056159 -0.900493765796213 0.275835663116279 -0.0818882791979865 0.141065247639742 0.13607375077024 -0.0269818136334713 0.450538053548828 1.34335046027364 1.86862231417417
GS1_SS_08924_15927 0.34230521833622 0.108317031492891 1.83314423736657 -1.10842154009242 -0.0972583040908909 -0.954657874452519 -0.409465399107562 -0.269239621420738 -1.22541563351409 -0.505066286874979 0.206926338805437 2.07883183355207
GS1_SS_09106_14990 -0.701101953639463 -0.0306125453665794 -0.888190471315351 -0.909523255542933 -1.16125010942839 -0.560732233421977 -0.211941211301021 0.0568518699665044 0.169915626372686 0.238180535900946 1.77435432812908 2.2240494196465
GS1_SS_09152_05776 0.24953735444469 1.04181410573408 0.77142605510583 -0.552680134000146 0.0606633484911353 -0.440349804143558 -1.02585922259958 -1.61236271477115 -0.858854838388015 -0.522857922533795 2.12167638293064 0.767847389729867
GS1_SS_09168_09550 -0.171526599181655 0.0718731713435414 -1.13394477309577 -1.15974686891116 -1.11674337588551 -0.287980058295123 -0.555977826830993 0.255928121493336 -0.0203263177034587 0.238726724283075 1.78754052909499 2.09217727368872
GS1_SS_09185_13837 0.210639380687386 0.481921652568109 -0.443659548804932 -1.5679550143306 -1.43740042098801 -0.366344101318926 -0.218325711724007 -0.44637237152374 -0.0674249479903547 0.312370232642657 1.42208427605474 2.12046657472768
GS1_SS_09243_03150 -0.239172466075475 -0.383544767509158 -0.931641916998106 -1.14792308559914 -0.826274168192473 -1.04810100778328 -0.342506802184859 0.343862410649025 0.613751732151171 0.170098052969561 1.89960797897921 1.89184403959353
GS1_SS_09257_19094 0.0885406155329406 -0.0678992450405985 -0.742080548940851 -1.06613454584318 -1.0270245806998 -0.5409435853463 -0.61916351563307 -0.153754930426791 -0.361410221545239 0.447979818993572 2.17272928181684 1.86916145713247
GS1_SS_09289_01605 0.48263374592692 0.305420186233423 -1.02811185046015 -1.33823557992377 -1.43570303775519 -1.28507151201572 -0.373307747392673 0.4968108307024 0.6766825937913 0.82465591613537 1.41885298178767 1.25537347297042
GS1_SS_09393_12844 -0.458676240816524 0.311496033453261 -0.453412419375508 -1.20012308950819 -1.06476768102493 -1.63626829462094 -0.166158163594354 0.88510217562568 0.252954819284248 0.290515945138355 1.74122513428234 1.49811178115656
GS1_SS_09418_18966 -0.315224338594251 -0.18332073345257 -0.459766790918496 -0.238701863834356 -0.475622799202078 -0.601321879363226 -1.12686812493644 -0.669571654149078 0.0405017602895839 -0.263519963756484 2.1962294951922 2.09718689272519
GS1_SS_09466_11831 -0.0094287742988078 -0.296556697415214 -0.817609428482339 -0.991169813067291 -0.921693300612036 -1.36061900072895 0.0137948077179602 0.18902729020812 0.311478904478352 0.151025065089772 1.39602018466142 2.33573076244901
GS1_SS_09471_20639 -0.154169358952981 -0.152083193587868 -0.719728789435088 -1.16178723030251 -1.55190015357862 -0.609349779966965 -0.266822288669078 0.0607056736536478 0.540523707629615 0.363199651595019 1.56086718770634 2.0905445739085
GS1_SS_09483_15743 -0.525253605295547 0.30859361720018 -0.69412739609752 -0.149101703664982 -0.199079928357155 -0.512364484190723 -0.781457767664896 -0.791716455891184 -0.421614549881251 -0.509734051312188 2.08255755048446 2.1932987746708
GS1_SS_09536_13664 -0.472231065936672 -0.524842920896923 -1.10607865188636 -0.722763708604532 -0.605013366550638 0.595037991828412 -0.166856827788817 -0.331682253400002 -0.33669290625336 -0.4571991073766 1.9000625274853 2.22826028938019
GS1_SS_09578_12421 0.110355881201771 0.804584269555025 0.671424082995888 -0.55095650597956 -1.54741363236591 -1.39929162709226 -0.549460324108109 -0.674092273999975 0.0325544238863208 -0.194865220574228 1.68478806452963 1.61237286195141
GS1_SS_09637_01035 0.113805360968789 0.404015322117548 -0.807988706379438 -1.42363642742912 -1.43202399856059 -1.18039686461657 -0.133627987409489 0.572605501860035 0.975208916170453 0.547442788465634 0.373568438910322 1.99102765590242
GS1_SS_09660_14229 -0.486917678878572 1.14963035034081 -0.637335696270059 -1.36380619832985 -0.857237133308194 -0.969808036646339 -0.460909918452173 0.332520862317374 -0.0323641347097167 -0.166284692129234 1.90307905164887 1.58943322441708
GS1_SS_09896_05277 -0.0922674084782218 0.429463108490222 -0.805759804199968 -1.31194206072896 -0.988883760486906 -1.13745602690838 -0.203869366743657 0.299894271494748 -0.102287398539205 0.173780603485819 1.84262722398753 1.89670061862698
GS1_SS_09976_11683 -0.0670772239431909 -0.308208672081596 -0.0867763135036658 -0.225764334291461 -0.320976600500422 -1.08832909847188 -0.480940503690574 -0.367853137695256 -0.842090478965947 -0.316781424019951 2.74296142206306 1.36183636510088
GS1_SS_09979_14413 -0.0424796799175692 -1.30834040830635 -1.21436947712171 -1.41676840582709 -0.776320367137926 -0.045081951858067 0.118572039066567 0.894916501315053 1.21152625407561 0.213988676884817 0.448626863519695 1.91572995530696
GS1_SS_10009_07358 0.367291347703963 0.595319249636292 -0.206206277548064 -0.832463299717767 -1.4807779228587 -0.950203196793937 -0.549291395357359 -0.473282094713249 -0.406215064733153 0.257003342847804 2.11863505725089 1.56019025428328
GS1_SS_10233_01967 -0.28542758396909 -0.0461452040900496 -1.04629676410346 -1.18378988321839 -0.59168241864282 -0.404957892360936 -0.413828416174803 -0.0705391445781816 0.0203837245139467 -0.148377991044857 2.01336866239433 2.15729291127431
GS1_SS_10358_13951 -0.390227178054163 -0.0215694968289383 -0.779936519094795 -0.516156685263193 -0.476589710188452 -0.72667328341726 -0.333793511681537 -0.377672272501601 -0.495865928814608 -0.150923069188666 2.67355022845434 1.59585742657888
GS1_SS_10564_17719 -0.201030266185716 -0.312533352968274 -0.448215736260624 -1.391034348369 -0.966592021146778 -0.495182715092591 -0.416904417039312 -0.0594335225960077 0.183229201369155 0.0249330875280813 2.02537848222297 2.05738560853809
GS1_SS_10568_10114 0.106727503228117 0.228021725181403 -0.737441154398382 -1.93081978974523 -1.4710755613739 -0.314867735980482 -0.356929441980412 1.01252145104056 0.806125637878113 0.828623759692029 0.127269266623431 1.70184433983476
GS1_SS_10684_12266 -0.245708862519237 -0.00528149683684397 -0.485482004077325 -1.12564030971058 -1.13054699064288 -0.741283636680905 -0.453506800001877 0.222061386359433 -0.0478060649167231 0.0323363903107413 2.45263853818017 1.52821985053603
GS1_SS_10740_01750 0.0689673495194353 -0.514393312634558 -0.675431700158163 -1.04287897859454 -1.03032587489003 -0.976526859013544 -0.955007252662951 0.702002436332714 0.318236123080472 0.599784306167397 1.46881774262551 2.03675602022825
GS1_SS_10787_07174 -0.794454536374056 0.503042766481653 -0.349808006021514 0.0981284531270336 -1.39499307736813 -0.235925855390528 -0.943513617977725 -0.228333712015128 0.00955344708071049 -0.581115307525341 2.07891865976866 1.83850078621436
GS1_SS_10842_04016 -0.053476217536025 0.194294044004071 -0.769832915126848 -1.65102422185941 -0.872021486831969 -1.11490446885573 -0.0820593977376022 0.231318888824767 0.204661000553866 0.327583485358577 1.78206748929479 1.80339379991151
GS1_SS_10914_08150 0.0187606645350748 -0.708432895771844 -0.838537813909823 -0.838537813909823 -0.225186056973636 -0.970733703946448 -0.601560998729933 -0.043968492424308 0.000174247658220617 0.244120969166931 1.34211354616709 2.6217883481385
GS1_SS_11011_21806 0.0133742752624233 -0.0656168119852417 -0.730071251774423 -0.725424717230443 -1.03441926440513 -0.699868777238551 -0.387389329155877 -0.330655142373877 -0.0679400792572318 -0.227083887388557 2.06458694970252 2.19050803584439
GS1_SS_11013_07705 0.00537979084007492 -0.0622262473835334 -1.00978674068206 -0.135391402808552 -0.32476004037919 0.0964775823986771 -1.28953586436596 0.156910566168852 -0.373178157939864 -1.00799347706871 2.30559902769478 1.63850496352549
GS1_SS_11037_21445 0.0177891644538541 0.109109652704084 -0.479640867347124 -0.901248230984133 -1.68613782890125 -0.992902005687831 -0.381321363574066 0.396902505273695 0.0636160518057029 0.210262091331619 2.0743332255781 1.56923760534736
GS1_SS_11115_16974 -1.63479664178392e-05 0.409990649793034 -0.589524016993763 -1.26534894870731 -0.929888677813212 -0.982856089007017 -0.515958168113479 -0.257006380054878 0.251088416211619 -0.0333661994588134 1.93643297015968 1.97645279195056
GS1_SS_11159_10537 0.174012006028404 -0.0722181909028376 -0.750007496314849 -1.62852603831544 -1.25576817089288 -0.182470517886976 -0.506752362175242 0.307014813183873 0.52226935634338 -0.179145447708089 1.5560161745899 2.01557587405076
GS1_SS_11171_12095 -0.552910165354863 -0.301198723309381 -1.35734879457238 -0.666689326311187 -1.00403455791853 -0.740545974651257 -0.215964158873678 0.305423855894601 0.532982177807249 0.27548197143241 1.46038214588283 2.26442154997419
GS1_SS_11360_09937 0.344481833851927 -1.20049261234161 -0.0261559752096528 -0.43385756517739 1.19889952000441 -0.422153213312288 -1.81106963463779 -0.776795074824894 0.0362672347375607 0.457623901881251 0.583640756962189 2.04961082806628
GS1_SS_11371_09652 -0.619525975612353 0.620565047314212 1.61773413013324 0.651142634180894 -1.0662984948311 -0.53628698914194 -1.19880137125339 -1.300726660809 -0.331536069972983 -0.410579132023357 1.43613723924167 1.13817564277411
GS1_SS_11423_20521 -0.165663799205657 -0.650865097866174 -0.216782914389117 -0.883224712336446 -1.84880799913513 -0.762741949277787 -0.377197107490075 0.627973372885029 0.867217716672939 0.221774343144404 1.20594639910071 1.98237174789731
GS1_SS_11502_10578 -0.229364973303145 -0.491149453155756 -0.735206412573079 -0.7522054047713 -0.89305419727085 -0.557202679983131 -0.613056511491573 -0.192210033212747 0.38429864505265 -0.0989584188682179 1.77821600530681 2.39989343427034
GS1_SS_11530_00611 -0.128419273529211 -0.573442627143566 -0.460733433346275 -0.828521328895329 0.280774420583268 -1.00055115100698 -0.579374689975002 -0.435027827743385 -0.547737021540675 0.100835181363032 1.82409943389529 2.34809831733884
GS1_SS_11545_11347 -0.510101433583916 -0.130235650773988 -1.39378920201543 -1.49375388170226 -0.813014405970928 -0.618063287645685 0.303611059066825 0.349594811722763 0.659485318751915 0.319605407816716 1.33084810752862 1.99581315680537
GS1_SS_11764_16682 0.125611340310857 0.483921094809403 -0.132974663744727 -1.43170257649026 -1.60563935051868 -1.24617001752662 -0.504039781672024 0.19286689293518 0.568570324836567 0.529144656056792 1.29156751554803 1.72884456545548
GS1_SS_11791_07020 -0.967776149325158 -0.381806012320485 -1.45285546032137 -0.748037347948405 -0.443238365393555 0.589297722796131 -0.410159406046517 0.244331432462735 0.0198670654649768 0.00332758579145775 1.00396610603936 2.54308282880083
GS1_SS_11802_06409 0.15161945930499 0.0558004701531376 -0.420852030784607 -1.44724249693474 -1.65766851232705 -0.457300822736488 -0.295535823403655 0.0388912367733989 0.0144667885582208 0.448470445304846 1.57857087618405 1.9907804099079
GS1_SS_11818_06155 -0.333149933486942 -0.59388962683363 -1.19547578678412 -1.00698926147326 -1.21903660244798 -0.469802664337314 0.0925154695067463 0.150632148144261 0.180475847985147 0.714521003032579 1.98162166943482 1.69857773725969
GS1_SS_12081_09574 -0.174035966743928 -0.0645858778987404 -0.171970870727981 -1.17767263049414 -1.4750464567905 -1.34081521575395 -0.118278374313361 0.418646589832843 0.424841877880684 0.274089868716557 1.29362777178956 2.11119928450295
GS1_SS_12098_02387 -0.261402323726254 0.452252753054182 -0.200962480090126 -0.489678963921169 -0.592891619976711 -0.805360916451407 -0.847203885122573 -0.656120994857583 -0.0312659960348432 -0.745153533752341 2.0011399766985 2.17664798418033
GS1_SS_12224_20945 0.178577959541767 -0.297075642006931 -0.435238589652403 -1.30716174433811 -0.947113874492771 -0.23591088339465 -0.52416607557806 -0.383183475939823 -0.179300947232219 0.0137367661185975 1.83371367929467 2.28312282767994
GS1_SS_12327_00842 -0.42055196525379 -1.25584266496844 -0.550795217007511 -0.999791690158495 -0.336881764823768 -0.657449520688189 0.183688012309524 -0.237687213952514 -0.116718249475374 0.709903007785082 1.13027015934314 2.55185710689033
GS1_SS_12329_16431 -0.124704845335036 0.690073460010317 -0.292631302431412 -0.29392803182984 -0.999997189273678 -1.23989212798279 -0.505478627104986 -0.587421119007291 0.020096604156048 -0.619407110835172 1.97621290168411 1.97707738794973
GS1_SS_12464_11251 -0.147538929051862 -0.369142645259668 -1.60499601663093 -0.963267923304771 -0.104437788455328 -0.999983709738855 -0.11880483532084 0.388830820593887 -0.117208496780227 0.566024398601857 1.10063817585293 2.36988694949381
GS1_SS_12470_16332 -0.148128901864728 0.0993380909738427 -0.974840401599891 -1.49787789435018 -0.895213798225966 -1.07944790014995 -0.336266268659982 0.300746558331418 0.567729875526343 0.524013308968109 1.50716766474381 1.93277966630718
GS1_SS_12523_15437 0.154664524159671 0.230809321506833 -0.404465928666477 -2.06853415342601 -1.64501731997714 -0.309174641140481 -0.175060977215004 0.379040213213939 0.761970016790629 0.493742688939676 0.874731373696392 1.70729488211797
GS1_SS_12551_18462 0.949159408123716 -0.0771210774226352 -0.581258859796281 -1.07896631331312 -1.91490906469799 -1.17027698307978 -0.469371137687845 0.535046229745364 0.396151126438339 1.06876352486032 1.12342132014318 1.21936182668673
GS1_SS_12556_14508 -0.154331638238682 -0.481755821051508 -0.518136285808489 -0.843848446750398 -1.09808369458153 -1.09808369458153 -0.479615793712862 -0.0259299979199264 0.481256481339157 0.412775606502488 1.41430840098878 2.39144488381451
GS1_SS_12560_17614 0.39579599918299 0.319886836106269 0.0246845352523558 -1.32818543780386 -1.14769031671033 -1.27083184792368 -0.540754386154683 -0.196295472815431 -0.170992418456524 0.294583781747362 1.65875578575056 1.96104294182497
GS1_SS_12706_20737 -0.0729576432039022 -0.0670949754464458 -0.817516448400868 -1.24158274952355 -0.672903977050277 -0.504840834669859 -0.573238625173517 0.239717970527107 -0.0846829787188151 -0.326811157101766 1.8640677838597 2.25784363490219
GS1_SS_12715_09449 -0.122683571305451 -0.18584573458829 -0.413183917956485 -0.691371063101117 -0.641206168075035 -0.597881940552511 -0.602442385554882 -0.727854623120085 -0.0904412251386879 -0.285263435639978 2.01479700130584 2.34337706372668
GS1_SS_12860_04387 0.19832693316418 0.808048651855674 -1.22913920824296 -1.023985782895 -1.05411320899505 -1.41851160087185 -0.626016830506719 0.409218915864532 0.697581422822156 0.258581785364281 1.30027340875697 1.67973551368379
GS1_SS_12966_05180 1.2085161288707 -0.303893680415081 -2.22655230436543 0.555383687613682 -1.34278246978952 0.683969136986157 0.172280690038863 -0.748840156021424 0.376588681819573 0.675804981470444 1.27178833411747 -0.322263030325435
GS1_SS_13059_18286 0.120615048858087 -0.176398728981796 0.0157866566793047 -0.186382385379775 -0.432479515589963 -0.747214283536259 -0.96261167032266 -0.804869899234589 -0.955123928024176 -0.0391234535095811 2.09912615552762 2.06867600351379
GS1_SS_13063_10454 0.34440809686218 0.478396163074815 -0.324121833504021 -1.6908001088729 -1.40871996947788 -0.473624307383383 -0.706340422384276 -0.0519144989878254 0.178827055037302 0.232281241452659 1.57187982343962 1.84972876074371
GS1_SS_13171_21051 0.083010013503792 -0.596949385889624 -0.2936142047231 -2.15841303659247 -1.13643813091733 -0.096140965977108 0.0585803344836693 0.0585803344836693 0.296769704929866 1.10091330600891 0.75747273511768 1.92622929557205
GS1_SS_13401_09072 0.435096895866503 0.497956971444687 -0.646356290695639 -1.74275295775699 -1.66153838982652 -1.23516190819155 0.15482542193845 0.662416471503889 0.670131855457284 0.638052101124748 1.00883721101131 1.21849261812382
GS1_SS_13443_05980 0.586571066526358 0.756951769662607 -0.301842599826942 -0.983365412371938 -1.15830988434219 -0.466746780362383 -1.30587174330841 -0.832761040849718 0.0997690575656459 0.131715439403693 1.68567872738297 1.78821140052032
GS1_SS_13463_01995 -0.704066937026615 0.601424456884585 -0.0497085267987343 -1.40237178392414 -0.767365932963631 -0.348665249647763 -0.414584904652235 -1.26125937259958 0.460312045560026 0.317183742645117 1.88111243843929 1.68799002408368
GS1_SS_13486_05014 0.526323137264932 -0.281200825273785 -0.400213636346631 -1.22889543196496 -1.29942154223035 -1.11429050278371 -0.733449507350599 0.111100663077447 1.27478148245638 0.0784823370797044 1.81562859055409 1.25115523551748
GS1_SS_13553_01236 0.0177779746203718 -0.158284580852969 -0.832837504232758 -1.41314695988069 -1.81921206200509 -0.390408363112142 0.01747494096207 0.462631385007402 0.430812850885714 0.53838979958285 1.27248883681894 1.8743136822063
GS1_SS_13582_16187 -0.526660782320734 -0.722627585044728 -0.66663706998073 -1.24287278751438 -0.524327844193068 -0.448507355043903 0.0379102445745822 0.453173231299236 -0.374319922584105 -0.0789699556215143 2.08086416297222 2.01297566345712
GS1_SS_13715_08596 -0.545185914752618 -0.396490628899934 -0.197532875395812 -0.649533483772046 -0.63377803399436 -1.0576254616203 -0.745099326685878 -0.375827743945591 0.396525067041524 0.11241039891932 1.64275531585028 2.44938268725541
GS1_SS_13775_10926 -0.058035077093076 -0.15227516653538 -0.166944614420267 -0.700823611685394 -1.05644659071296 -0.891970962912709 -0.625253728642037 -0.418547872082267 -0.0415208350044836 -0.112934374480456 1.97479477677323 2.2499580567958
GS1_SS_13792_14035 -0.959609140185757 0.485330045549461 0.231486420613394 -1.4381919054747 -0.0179805900996381 -0.726992094231413 -0.252129451032045 -0.551927525309987 -0.48846661907597 -0.16678547368285 1.87009078571794 2.01517554721157
GS1_SS_13795_09340 0.830302830454725 -0.618035459699055 -1.24958679870871 -0.465471325610349 -1.40127580392119 -1.28896759813887 -0.060870075168598 0.537134656919066 0.12290698883883 0.725287365307624 0.89681262504789 1.97176259467864
GS1_SS_13900_11543 -0.199261952769879 0.0856921737557739 -1.24572089707715 -1.1419902728601 -1.01232699258879 0.197965319967166 -0.107734931401896 0.731262764471279 -1.00775064152039 0.233965948371906 2.18577967904414 1.28011980260795
GS1_SS_13956_01140 -0.236516045653038 -0.313337824250026 -1.93642611537507 -1.57549015377678 -0.126971279097917 -0.526388350998896 0.101387426566988 0.36541840236651 0.807810728839113 0.642089158922392 1.08574546347063 1.71267858898609
GS1_SS_13970_12896 -0.159477549646851 -0.151681960182806 -0.690443809808991 -0.787455589805989 -0.470434951601514 -0.953761498372271 -0.64886733266742 -0.118594013790973 -0.327342576105942 0.0596651319535108 2.40128697163105 1.8471071783982
GS1_SS_13991_07628 -0.326114190968804 -0.168546827775645 -0.907853721919172 -1.33326495151014 -0.331276948609472 -0.364731618120994 -0.55678620235381 -0.0460862165390215 0.221757649858787 -0.322810026078778 2.02851631378664 2.10719674023041
GS1_SS_14003_11500 -0.856627051316077 -0.0401026597111148 -1.44581151618175 -0.674445012837875 -0.303878994146043 -0.439934090966998 -0.463191372474854 -0.0352573927303116 0.143436053521712 0.0692065633758063 2.07223993323987 1.97436554022764
GS1_SS_14089_04354 -0.206409590588769 -0.412771850384007 -0.842535455645649 -0.753553563807336 -0.255633615861028 -0.821709906492001 -0.872827163505501 -0.338935812475619 0.00790424251967998 0.31990883347615 2.2723987282177 1.90416515454638
GS1_SS_14187_02593 -0.396288161152436 -0.407457908628612 -1.09501791993988 -1.80243526009769 -0.532807296972364 -0.829426146617478 -0.0314097435973575 1.07687742264987 0.961456698729387 0.354567085857164 0.905856177959089 1.79608505181031
GS1_SS_14260_13809 -0.216282570604444 -0.185715365481873 -1.32610724890085 -1.17562254675896 -0.586145752587546 -0.430253006462437 -0.498911651814672 -0.220985217546378 0.71484152389847 0.22106359499541 1.33653144962213 2.36758679164114
GS1_SS_14290_08559 -0.236618720639535 -1.0656061795069 0.217803303831335 -0.0778562141821387 -0.763767282499571 -1.17493365401349 -0.0721521720339688 -0.735247071758721 -0.211901204664132 0.152682155973062 1.59247746154028 2.37511957795377
GS1_SS_14357_13142 -0.0946269877744912 -0.104744515424868 -1.26320143139295 -1.14347735419683 -1.2817502320853 -0.973165638748829 -0.0136867665714812 0.520855944290064 0.563012309499965 0.409563140135925 1.60579215933208 1.77542937293672
GS1_SS_14425_00206 0.288586754778507 0.80438242795726 -0.203175428252133 -1.05710382051474 -0.931759925742264 -0.896449182524651 -0.735609671533426 -0.992952889119385 0.222032474368345 -0.184688128138199 1.71562145057306 1.97111593814762
GS1_SS_14434_12281 -0.836517865970233 0.29567610204136 0.0406719381578609 -0.268275414239455 -0.47669227895193 -0.642690181787631 -1.02200887556434 -0.0917340700124174 -0.975666772704739 -0.135869406069177 2.14813423486812 1.96497259023257
GS1_SS_14442_04654 0.0703887275393379 0.175708519368771 -0.291209224408383 -1.06179903462707 -1.55153606663393 -1.03897974639736 -0.468497540654596 0.100229335224344 0.0651227379478663 0.272251661879085 1.92384153075098 1.80447910001096
GS1_SS_14466_12096 -0.448184039016735 -0.43901442396503 -0.819553448610755 -0.49173971051233 -0.663669992731784 -0.542172593296703 -0.448184039016735 0.26933833877912 -0.473400480408921 -0.25241275766285 2.39279194437752 1.9162012020652
GS1_SS_14496_11281 0.1269663933365 0.00638410500880258 -0.266729624964186 -0.694436032280377 -0.816392477740013 -1.25612275996067 -0.800933210005693 -0.179127107803039 -0.364638320614881 0.160461473427527 2.11966600429036 1.96490155730567
GS1_SS_14540_15698 -0.353750878411005 0.221812524211678 -0.62659964070491 -0.888386966689603 -1.65531321746166 -1.11453188678906 0.237175630196695 0.115376925947479 -0.00961730434662075 0.51887354153797 1.82105040482803 1.73391086768101
GS1_SS_14552_06374 0.294959364373755 0.653398496541551 0.028351745405972 -1.76680622231043 -0.444136201542487 -1.03363527014903 -0.183453196329544 -0.774729649062537 -0.195302423839223 -0.136056286290827 1.9785864781553 1.5788231650475
GS1_SS_14557_14768 -0.570949472368199 -0.404634286797992 -1.01247669120339 -0.923379270362209 -0.721425116455529 -0.335336292810406 -0.368995318461519 0.170341069030438 0.213107831034206 -0.226439445115627 2.11009091787725 2.07009607563298
GS1_SS_14572_06766 -0.622272105051114 -0.646247835617441 -1.50218141683534 -0.519176463615904 0.0322653394096356 -0.270044647301192 -0.0828181673087378 -0.161458563566293 -0.200059489778081 -0.148751426366139 1.99060301206729 2.13014176396332
GS1_SS_14576_14272 -0.616895131035481 -0.290149384255512 -1.42222482784876 -0.530909408198647 -0.616895131035481 -0.0904947302538875 -0.338594998829435 -0.2419134909568 0.0835739281718984 0.0353380348731866 1.49332034014555 2.53584479922336
GS1_SS_14598_20030 -0.296964854624586 -0.485628706768484 0.0289682140791828 -0.390212505684214 -0.381538305585644 -1.04945171317554 -0.841270910809855 -0.676461108937025 -0.166851853146036 0.0220288540003268 1.89001784522738 2.34736504542449
GS1_SS_14602_05695 1.05846591666973 -0.809175124606787 0.088380521443579 -0.981433278899282 -1.32050985629609 -1.28605822543759 -0.812801612065576 0.088380521443579 0.258825432006679 0.657739052473508 1.60606552294693 1.45212113032132
GS1_SS_14608_20074 -0.291034421041196 -0.475886752530643 -0.719855450794084 -1.0518165872942 -0.951773505061287 -0.597757416341644 -0.0718491226945453 -0.0400172328931644 0.23964865607611 -0.169618498513072 1.76507828948657 2.36488204160116
GS1_SS_14643_19707 -0.56927405761004 -0.400875661774569 -0.685184641756533 -0.938438333155852 -0.810061893733227 -0.929690364541022 -0.540843159611844 0.377693544945271 0.502352097706593 0.193986204033848 1.30935220242463 2.49098406307275
GS1_SS_14723_04102 -0.377545917812319 0.070812670626424 -2.07750010254917 -1.04402490062667 0.204108467189293 -0.507379485893036 0.250848551698352 -0.272986617651315 0.624769227770817 -0.168548495487186 1.37070635425056 1.92674024848425
GS1_SS_14826_03761 -0.117934746227059 -0.251339527771499 -0.796998095660691 -0.734859041666192 -1.30576160024065 -0.270757982144779 -0.727091659916879 -0.433872998880338 0.296260885555022 0.370051012173489 1.72332309744743 2.24898065733214
GS1_SS_14905_12807 -0.421638787445572 -0.274176010374307 -1.06467319237929 -1.20730112430068 -0.59666018187114 -0.576837316756642 -0.339446419897654 0.0642631501171226 0.44621591695745 0.0449237695176123 1.49223466513346 2.43309553129963
GS1_SS_14911_05368 -0.134531747933107 -0.306566945331571 -1.07787484789778 -1.24052020996066 -1.19189427697279 -1.00242081395109 -0.309417431058446 0.696133328004506 0.761526824091641 0.595527949408913 1.38745995458722 1.82257821701316
GS1_SS_14937_14321 0.086716363926799 -0.25389039177714 -0.212382758465548 -1.50888589308054 -0.760527680727442 -0.947312030629602 -0.769073369938652 0.00980516102590967 0.234678868555177 0.296476409679669 2.11570714521693 1.70868817621444
GS1_SS_14982_10703 0.427568943521923 -0.0996952627738441 -0.387824154267328 -1.68382090912263 -1.26720886242876 -0.953916603314964 -0.281171470313696 0.112610236221354 0.14760564814364 0.610878244067228 1.43860305843862 1.93637113182846
GS1_SS_14996_13074 -0.156953965268956 0.176427554013789 -1.81043150047935 -1.43912980838719 -0.807126928230328 -0.799226892228367 -0.00266626215066175 0.821070491773789 0.883480776189279 0.549309253306338 0.970855174370965 1.61439210709069
GS1_SS_15113_16756 -0.243377517261833 -0.345773124184566 0.307619107654987 -0.847150732530899 -0.70054909266355 -0.781743847051621 -0.894514339257274 -0.18406023836166 -0.177294008829321 -0.348028534028679 1.96985616276631 2.2450161637481
GS1_SS_15227_08132 0.552366491191785 0.0367547554845369 -0.726211258839025 -1.74524120947666 -1.31498411920744 -0.658275928796516 -0.326786356819864 0.249270403309821 0.245786540230718 0.346818569524706 1.79000885004313 1.5504932633548
GS1_SS_15344_12547 0.27951912349639 0.583455345532049 -1.94401429034343 -1.20150343212473 -0.46699089553856 -0.0884036715994068 -0.700275276486982 -0.113731690102378 1.32196704293448 -0.395672527648614 1.43594312619785 1.28970714568333
GS1_SS_15359_13174 -0.162713300131408 -0.371086464518315 -0.760061348918686 -0.500686538261052 -1.57573836290599 -0.877085674265901 -0.721635451043481 0.841599939788723 0.116747775324629 0.464327487923074 1.7072306210138 1.83910131599461
GS1_SS_15450_19545 -0.0692962114231704 -0.304226498256265 -0.119204664926485 -1.40866451874787 -0.788129754657226 -1.2321821546487 -0.609749730729029 0.083655170796114 0.399805298311409 0.327694224808521 1.54523277110992 2.17506606836278
GS1_SS_15554_17299 -0.242149695600966 0.26514715272508 -0.562310373211181 -0.235385737623285 -0.954619935916657 -0.276420416021214 -0.470095079448803 -0.810322165726137 -0.605599704268337 -0.378556181484192 2.1912969195026 2.0790152170731
GS1_SS_15612_11721 0.380471804066353 -0.549779628596811 -1.09461907002349 -0.410474089595672 0.246119350896365 -1.21225485851334 -0.162819798038091 1.26274021774024 0.304627677276843 0.745761884113785 -1.52491840160479 2.01514491227861
GS1_SS_15614_12389 -0.338567102870069 -0.340438685683473 -1.48049998802007 -1.17035197894163 -0.574119168385673 0.0485831705312879 -0.199401552244788 0.572893727257849 0.511398863388849 -0.657003550122152 1.47071873974525 2.15678752534462
GS1_SS_15794_13056 0.65261399594668 -0.503124325530645 -0.542121630856567 -0.972864594229251 -1.42842402462752 -1.02427013306797 -0.744198576636345 0.0960160926585201 0.248460104387124 0.966365043341598 1.35545179420705 1.89609625440733
GS1_SS_15971_02238 0.252905550662415 0.275269212449194 -0.0970269045591301 -1.54324960126519 -1.60210134280935 -0.788770274669127 0.0286804153791849 0.0776450643439218 -0.0997340846701612 0.0246784969541823 2.07978131167607 1.39192215650799
GS1_SS_16003_11234 0.0980431468450591 -0.111793827351095 -0.423528907956139 -1.35491893205861 -1.72690265904271 -0.928886287478544 -0.407473200082039 0.571766012833346 0.624225256382385 0.721195373245759 1.02291550735508 1.91535851730751
GS1_SS_16151_20809 0.170225494123651 -0.411052372146227 -0.276436322379761 -1.31590276170798 -1.16770160600178 -0.613593951611369 -0.403848149299398 0.153758699045184 0.0467245310351495 -0.0191426492787176 1.3253711688781 2.51159791934315
GS1_SS_16217_10291 0.0264304533715192 -0.506878640243602 -0.541409444866164 -0.737084004394014 -1.26463796390537 -1.16296392807228 -0.222440729055422 0.120430977066271 -0.12588876257467 0.513698474156558 1.91468995281527 1.9860536157019
GS1_SS_16366_13166 -1.15690511779991 0.106953274770321 -0.766905280912043 -0.441312056091132 -1.65694640244038 0.210521696184528 0.0276587021250699 0.521226960427146 -0.493905395090534 0.0276587021250699 1.83347122487683 1.78848369182503
GS1_SS_16417_07447 -0.12116371518278 -0.296793079065245 -0.221990798000919 -1.51581153431444 -0.640708551364552 -0.635001357997488 -0.682561302723025 -0.116217480931324 0.150688928868393 0.230589636007296 1.30240055034201 2.54656870436208
GS1_SS_16487_02911 -0.455395380088693 0.807464203289499 -0.0916710992622171 -1.54027797559554 -1.14251235821155 -0.546973975718961 -0.4922118256047 0.000832532687547897 0.254292484229904 -0.439484755393334 1.75692148162189 1.88901666804615
GS1_SS_16543_17072 0.605088792170988 0.767586439459278 0.571557531619436 -1.32553801727799 -0.986356420160366 -1.62474003450722 -0.561154243089339 -0.278330956975671 -0.253827343495691 -0.016529191900092 1.75018134000649 1.35206210415018
GS1_SS_16560_08892 -0.640724621237973 -0.565260700621049 -0.648425021300924 -1.14741094538017 -0.22952325787637 -1.41846502759606 -0.702327821741584 0.617520749048279 0.654482669350446 0.719166029879237 1.67694178970913 1.68402615776704
GS1_SS_16642_00581 0.800279848948124 -0.436784043991821 -1.2461475753871 -1.3204011103775 -0.998140768519191 -0.14170049594 -0.219815214749893 -0.319463458707 0.215161993223828 0.0800205595413134 2.12496291317673 1.46202735278251
GS1_SS_16722_06420 -0.519203103255856 -0.63323303796711 -0.747330088590495 -0.841963524695773 -0.188701979950117 -0.430542983330273 -0.777084809635417 -0.797219583274838 0.252025843046096 0.701702454326496 1.74647348650534 2.23507732682195
GS1_SS_16821_05827 -0.28795072566163 -0.327657534822078 -1.20833419953457 -1.81920818661838 -0.974165837819109 -0.738979352791843 0.333104494540242 1.01728336007411 0.687411407048851 0.794314354788518 1.02756640552335 1.49661581527254
GS1_SS_16824_16649 -0.495544485115439 -0.479855250190144 -0.73715870296498 -1.19842220976865 -0.573990659741913 -0.901895669680576 -0.442201086369436 0.546220713924141 0.0112178029715858 0.342260659895308 1.77688430146427 2.15248458557583
GS1_SS_16844_21676 -0.670853631036483 -0.85988178019115 -0.954977479842805 0.0433819602309961 0.182971978068288 -0.654858941492627 -0.924762057231775 -0.308501209733845 -0.0613105531469732 0.223685733270832 1.49773545857328 2.48737052253226
GS1_SS_16866_15595 0.1128947698032 0.173099232439388 0.891447934348449 -0.776489337322304 -1.75891670488555 -1.29917353566375 -0.805223285398666 -0.363267798319377 0.301717857162153 0.460438713203013 1.49841838038056 1.56505377425289
GS1_SS_16894_08382 -0.401978792405878 -0.371512549045645 -1.24426734004179 -0.625779692879166 -0.492919383488678 -0.49750077346766 -0.660140117721534 -0.0980035673003978 -0.199023216336959 0.476044597066093 1.84358950579233 2.27149132982928
GS1_SS_17098_10523 -0.773258404299368 -1.17158154679359 -1.83763008014458 -0.610011214752557 0.177493227621264 -0.628294899981799 0.411916191810485 0.565368549984488 0.186635070235885 0.498241305642839 1.48556030802196 1.69556149265498
GS1_SS_17122_01323 -0.217780607576833 -0.41549793971283 -0.742341191310928 -0.587450407037903 -0.499987738867044 -0.837128319377869 -0.506665922889942 -0.358237897348755 -0.111145088501524 -0.0723685361105025 1.98041906241196 2.36818458632217
GS1_SS_17141_18080 -0.435997898202258 -0.945109942810797 -1.57764308914262 -1.04538958796096 -1.11481395768031 -0.536277543352425 0.41483632180262 0.987201681044342 1.27646988820828 1.20704551848894 0.937756102166452 0.831922507438737
GS1_SS_17166_18926 -0.121456863684622 -0.600152606570717 -0.180252656055483 -1.37429720612039 -1.21097556064578 -0.959460226614869 -0.110514313437823 0.0596668411467259 0.275251413173217 0.484303119380724 1.81962089278117 1.91826716664784
GS1_SS_17190_15693 1.10759182505156 0.925810687735702 -0.514901517586788 -0.758565595265491 -0.607725928131056 -1.38319652455296 -0.408540213838148 -0.609659770017395 1.08825340618817 -0.801110116764948 -0.1378023497507 2.09984609693206
GS1_SS_17311_11462 0.0827548434279727 0.182726048301248 -1.40967242932307 -1.44375352189351 -0.859506220686051 -0.49110583909135 -0.231440371888037 0.296005108368694 -0.0610349090358622 0.339823655959253 1.49338749400997 2.10181614185074
GS1_SS_17326_20059 0.0970970142927557 -0.0356528099356212 -1.14063706113183 -1.46935091160209 -0.772730405413181 -1.30499398636696 -0.222766847895619 1.18311700488491 0.988417262683286 -0.0672599109423777 1.24708977732258 1.49767087410415
GS1_SS_17357_19854 -0.155297198188272 0.281679551852566 -0.488143318432145 -0.969747481243112 -1.20404139828628 -0.687107200365633 -0.755907795052914 -0.183189331169602 0.344901719943581 -0.190627233297957 1.94981505168931 2.05766463255046
GS1_SS_17362_08695 0.157288311714393 0.321884266229676 -0.462121411408659 -2.27859262191559 -1.48519140353325 -0.636112906667944 0.128057740510833 0.785049626609891 0.637504838630018 0.638896770592092 1.13546849806209 1.05786829117645
GS1_SS_17442_12410 0.0866730643975898 0.293881589297328 -1.34178216477848 -1.27760253317237 -1.09239845339473 -0.729325108880142 -0.157943017209712 0.211364920089468 0.387400481066237 0.0426641741533975 1.53456555343152 2.0425014949999
GS1_SS_17461_08595 -0.108157262728527 -0.00970817402493743 -1.12780853858714 -0.76964137777979 -0.895515569765094 -0.492343111264679 -0.3706881659381 -0.361312062252044 0.154373640481046 -0.176134014452434 1.83691544694383 2.32001918936787
GS1_SS_17463_07049 -0.239208844268393 0.245903866485688 -1.91849239858804 -1.16914128802843 -0.897655066006016 -0.749013288337635 -0.0586275110679628 0.698094266152887 0.839365377160027 0.398353821929044 1.26465284351369 1.58576822105514
GS1_SS_17633_14263 0.452870214943022 -0.265047609509453 -0.90238282101318 -0.693356406818854 -0.510458294398819 -0.250396225336953 -0.710693878089645 -0.444282875886363 -0.238186738526537 -0.541470390897276 1.48823469646632 2.61517032906774
GS1_SS_17697_05708 0.197029474378735 -0.39172990810813 -1.08256202861824 -1.57966951899116 -1.26483477508831 -0.0588888262206592 -0.150945768882312 0.313021222132417 0.335114888371214 0.217282001764299 1.37977707369565 2.08640616556649
GS1_SS_17707_09818 0.572424104249087 0.337955412660394 -0.518445700430108 -0.461768376420179 -1.74527360972836 -0.883305973744024 -0.888366449102054 0.120354972265132 -0.0179646875210042 -0.0635089657432684 2.04603452850724 1.50186474500715
GS1_SS_17741_18616 0.0104821193240991 -0.416945787660242 -0.924592227653805 -1.33521409208546 -1.29536471283682 -0.529563598580316 -0.231559545068736 0.513450588710213 0.220817538488668 0.31073852905408 1.79157611356773 1.88617507474059
GS1_SS_17801_08924 0.00321137262140168 0.311084269586215 -0.912029824478079 -1.62411679704976 -0.805216778592327 -0.000977374276078783 -0.646882145867566 -0.19156535811144 0.118401912302114 0.0555707088399074 1.34842743874725 2.34409257627836
GS1_SS_17953_15017 0.0982534131871721 -0.209233952434859 -0.260312151691057 -0.950461774199225 -1.18464089371269 -1.11336898777381 -0.292384509363554 -0.190906890907718 -0.0668598355712363 0.230615524216523 2.41340249110183 1.52589756714862
GS1_SS_17961_09967 0.64132203110421 0.0806055799998506 -0.325944928893997 -1.68608638678351 -1.52446080220797 -1.05450333321141 -0.355783498354096 0.444884782158558 0.250934080667915 0.521967753263814 1.59292374213586 1.41414098012077
GS1_SS_17965_17260 -0.427201455738334 0.22518716755893 -1.10974808473527 -0.0187378785413388 -0.242705420869767 -0.865823038634998 -1.11418308557345 -0.315661184657938 0.165314656243409 -0.332735937884957 2.24333429897579 1.79295996385793
GS1_SS_17983_17532 0.494565609191984 -0.0681010349906723 -1.27418147274894 -1.19087092178795 -0.989643898697573 -1.22163174060432 -0.432104057650978 0.54583364055259 0.829089513819941 0.280521578261452 1.0623590565107 1.96416372814377
GS1_SS_17998_03156 -0.536059021262377 -0.165096467525167 -0.332410370061187 -0.677264122362348 -0.827389730619635 -0.616343585678231 -0.439456455948992 -0.367940097348745 -0.335673970240694 -0.078937422786202 2.30479614832516 2.07177509550842
GS1_SS_18014_18929 0.381605122132597 0.607555523395318 -1.45528795479953 -1.12682301963057 -0.813003017876793 -0.584751269934543 -0.585378909938051 -0.214652881199586 -0.105861947258275 0.26235352146616 1.71199271623412 1.92225211740915
GS1_SS_18069_18005 -0.34563447251358 -0.703407429164182 -1.12681936540414 -0.948540655408366 0.0107203580347835 -0.391419686671584 -0.403575053262205 0.427041663763542 -0.272499683526679 -0.369134847922113 2.00440306833975 2.11886610373476
GS1_SS_18225_20245 -0.157325108940894 -0.0426959500898903 -0.667015475974823 -1.41824585630194 -1.62294078282159 -0.263766470731112 -0.20665658623213 0.200891012468493 0.634844256690151 -0.00994476184674631 1.68697617900115 1.86587954477933
GS1_SS_18272_13256 0.250127967383509 -1.2339313172579 -1.07969882809193 -0.762665378139669 -1.70005617340393 -0.557022059251714 0.378655041688481 0.589439443548635 0.474621923836193 0.839638814862313 1.1520452901396 1.64884527468642
GS1_SS_18294_14659 -0.231683074621049 -0.547438140535223 -1.43472751570187 -1.27420399057232 -0.700905686538202 -0.699141691756558 -0.0290353541058509 0.431578963276882 0.588574498843148 0.463330869346464 1.3036979833214 2.12995313904318
GS1_SS_18347_14479 0.368834467587292 -0.417720105787569 -0.130982819841549 -0.909937832121001 -2.32024099694215 -0.534636430332327 -0.111983917103026 -0.00529777095593434 0.699123084426234 0.912495376720417 0.577530106899685 1.87281683744992
GS1_SS_18365_04740 -0.42986740059473 -0.0900269064213316 -0.663132066323273 -0.474717098465233 -0.950031422288706 -0.402125319437718 -0.649029841735125 -0.143199228638938 -0.154758429121026 -0.379006918473541 1.9830001080364 2.35289452346322
GS1_SS_18487_11486 -0.179867647638357 -0.153276705521451 -0.669868256219969 -0.585777242687874 -0.299413250659659 -0.506231689346703 -0.272822308542754 -0.606231813547032 -0.763050190133912 -0.35623150304621 2.25581719566829 2.13695341167563
GS1_SS_18528_19251 0.027445083086879 -0.890722815823738 -0.649988822089123 -1.22859508773197 -0.8717175005289 -0.415589933452788 -0.107281485336528 -0.0295708627976349 -0.0274591610982085 0.151275270741245 1.7607298379761 2.28147547705466
GS1_SS_18542_04494 0.0588915677320255 -0.219947002245581 -0.784825933081009 -1.3149885386477 -1.2540503081228 -1.01657587038028 0.193694320105305 0.0311923720388858 0.359889494264143 0.36912255949519 1.40599578494172 2.1716015539001
GS1_SS_18597_21869 0.013371522724109 0.173064145850482 -1.00275482579918 -1.35823498001885 -1.43662291146216 -0.143258502150526 -0.375651374252696 -0.216505643671276 0.269681828792238 0.462917194675749 1.68522203264645 1.92877151266567
GS1_SS_18629_20098 0.0285600981713955 0.126416891386819 -1.00560828467342 -0.293700114031216 -1.00116024861818 -0.569700751259264 -0.560804679148771 -0.692021742778543 0.0396801883095118 -0.228536385821854 1.88895117827826 2.26792385018526
GS1_SS_18651_20457 -0.0102965167240474 0.0343294699806278 -0.450978135432715 -1.40485860124515 -0.905884287403497 -0.467712880446968 -0.317100175318689 -0.149752725176157 -0.269685064444972 -0.0437660067525538 1.42638134274959 2.55932358021453
GS1_SS_18658_05224 0.192119802076749 0.57000919873814 -0.821310852606074 -1.38033731543574 -1.34910678678603 -1.05710134391132 -0.117062431555299 0.0515824231530908 0.694931313336947 -0.131116169447665 1.64418323164463 1.70320893079257
GS1_SS_18886_17506 0.156031179526689 -1.14259220794305 0.327644132111448 0.350696618279549 -1.18101301822322 -0.666174160468943 0.166276728934735 -0.404144234358186 -0.909505958910018 -0.517357555317086 2.00663354135487 1.81350493501321
GS1_SS_18964_01910 0.126976427900825 -0.660265162754217 -0.879147754548493 -1.35002122933282 -0.895701900146379 -0.395398833188035 -0.0141016795833847 0.00557936018299131 -0.0652355959857449 0.147209272520464 1.83665179826031 2.14345529667448
GS1_SS_18970_21585 0.318039917677372 -0.0479315757500028 -0.0686825367175343 -1.28167052781961 -1.82496841496952 -0.798739072575235 -0.517091938715921 0.199193504863328 0.161464484922361 0.502912115388108 1.50801320661545 1.8494608370812
GS1_SS_19061_20630 0.0596957447376341 -0.579555605075862 0.0693813712499598 -0.798450764254423 -0.829444769093866 -0.912741157099866 -0.664789118384328 -0.24791975329383 -0.430396956786047 0.191420265305264 2.37998443203038 1.76281631066499
GS1_SS_19149_17941 0.338135271254999 -0.258007355459027 -1.39702511182328 -0.595745953863551 -0.454077078693868 -0.865483492186627 -1.14428783852056 -0.221740123415588 0.0853979979522849 1.18248176726631 1.3133838079231 2.01696810956581
GS1_SS_19178_00579 -0.0401818485811813 -0.0539114095998082 -0.709818304663009 -0.788534454503137 -1.36334540914965 -0.808671143997123 -0.351019110042894 -0.211892891720808 -0.119630241675635 0.465432118531451 2.11664065703831 1.86493203836348
GS1_SS_19182_00016 -0.365908814813724 0.0475554456583976 -0.707404893428923 -1.25774981351127 -1.48212120400638 -0.89508662258521 -0.140972967990324 0.541454732911785 0.541454732911785 0.232414893173237 1.89487989406814 1.59148461761249
GS1_SS_19226_05557 0.0331181372476019 0.3538411505928 -0.707931309736333 -0.771677498724199 -1.42706800425569 -1.42507593584982 -0.69996303611285 0.158618446817462 0.373761834651507 0.88173927814856 1.44370177544471 1.78693516177625
GS1_SS_19260_11655 -0.405086008689903 0.0712559586119014 -1.09992578524614 -1.17024691925906 -1.17526985740284 -0.41345757226287 0.194317943134512 0.012822444872594 0.147437187125898 0.0381045668629534 2.35719510784618 1.44285293440676
GS1_SS_19429_10323 -0.342697919158939 -0.506905556989027 -1.31181621028115 -0.770810689215954 -0.716563523147085 -0.811862598673476 -0.00401966613438234 1.03547332691501 1.39907595353878 0.913783738165931 -0.792802783568198 1.90914592854849
GS1_SS_19598_12016 0.198025128213777 -0.0901271125196052 -0.625526701768697 -1.11729440598561 -1.38999368743676 -0.558260879010747 0.300741857560377 1.14610963005894 0.947039154599603 1.15519960610732 -1.4718034718721 1.50589088205349
GS1_SS_19705_13203 0.423154812132168 0.266859101526724 -1.03024922574088 -0.900246251498972 -1.12957734089201 -1.30194083483072 -0.57596916968207 0.240566365163192 0.2069700909209 0.268319809102476 1.47924638940073 2.05286625439846
GS1_SS_19810_08338 0.103586688733945 -0.276475402107323 -0.284106504760618 -1.75442091380739 -0.750765021363189 -0.210781561874612 -0.76071863351966 0.0621133047486476 0.24625512964337 -0.224053044749907 2.07274296035588 1.77662299870086
GS1_SS_19870_19090 0.246069859129913 -0.469589287521727 0.0541982235099046 -0.291832346935834 -1.83364223730305 -1.14114001219176 -0.445991281761565 -0.126866848724609 -0.0693053580386064 0.530569180911304 1.48000296406548 2.06752714486054
GS1_SS_19929_18938 -0.113117156157642 -0.0119604161528689 -0.701103377367749 -1.45927213010893 -1.79375834455357 -0.884563998017688 0.0621333483195649 0.96321893814164 0.717929047548904 0.555753913272715 1.15965356953367 1.50508660554196
GS1_SS_19983_11003 0.49766133508574 -0.0298313202849631 -0.75755500795402 -1.49598051455939 -0.124007326924488 -1.07860957604331 0.419859111418768 -0.288815338543657 -0.971591386680213 0.290153065910695 2.09469377495123 1.4440231836236
GS1_SS_20007_09791 -0.239653868361537 -0.425797505074119 -1.18761680353164 -0.7510155778697 -0.073187190997281 -0.513775642464354 -0.693200803695288 -0.0851488684126767 -0.0971105458280723 -0.162899771612748 1.95690882768561 2.2724977501618
GS1_SS_20028_01063 -0.462672246048034 0.77524525104494 -0.049567872722757 -1.52892812854976 -0.934392780453248 -0.028633529479922 -0.613399517396445 -0.758544297213434 0.236534818262654 -0.276635715763373 2.17993968263917 1.46105433568021
GS1_SS_20217_07074 0.450671700315682 0.162011696283937 -0.457947421402063 -0.902950827383007 -1.44778389478173 -0.728671926941801 -0.735440039580294 -0.408878604772985 -0.0318947308089003 0.398218827367358 1.40632920487096 2.29633601683285
GS1_SS_20375_11506 -0.19359439092029 -0.601776370533927 -0.482207911859225 -0.87802074057548 -1.22229544055264 -0.597653320234799 -0.232763368762002 -0.397685380727108 -0.0270231588355325 0.680492272494772 1.61683699542666 2.33569081507957
GS1_SS_20596_19817 0.118097223956727 0.0952226685342666 -0.557581951599018 -0.898940701749576 -1.46024710019302 -1.03794761547068 -0.490717866517981 0.225431676323655 0.0811460190435219 0.100501412093296 2.02337173252902 1.80166450304979
GS1_SS_20606_04086 0.173728855522581 0.0464174947836857 -0.340063421745105 -1.34377709614193 -1.82119469891279 -0.992534145531945 -0.0866001430168997 0.252161747406365 0.518151554664415 0.341961725070408 1.60382191753691 1.64792621036431
GS1_SS_20669_19716 -0.129869191132381 0.377188520312267 -0.708996018924491 -1.21605373036914 -1.59570353969952 -1.27396641314835 -0.0159742483332657 0.864942004163844 1.07986240470003 0.837916085533545 0.0277176534523835 1.75293647344508
GS1_SS_20670_14867 0.117937803184903 -0.26185507516543 -0.374696131043381 -1.21682130917701 -1.1313074941789 -0.898932996901404 -0.744636330709149 0.0090006388612149 0.367043264266376 0.415377159700094 1.39488214062418 2.32400833053851
GS1_SS_20910_09042 0.333818666403475 -0.0273106677808016 -0.668220958036238 -1.76723215903463 -0.926811828859389 -0.741847525423385 -0.100578081180695 0.238642859781065 -0.0145607012332712 -0.0109691613607274 1.68190315756278 2.00316639916182
GS1_SS_21112_10389 -0.130921233256924 0.0510452098566329 -0.680413187338238 -0.772025118224629 -0.588801256451847 -0.964230541849018 -0.92830429444259 -0.183014291996244 -0.0279925344375084 0.0420636480050259 2.09057827511954 2.0920153250158
GS1_SS_21138_16019 -1.15814875173246 -0.0579700949330483 -0.460483298266758 -0.617729138814727 -0.912339161910347 -0.802086331181311 -0.141653800879841 -0.0187851544378762 -0.0556204444421016 0.159462946652247 2.40247545377903 1.6628777761672
GS1_SS_21178_19151 -0.118188170141132 0.447137195119123 -0.916572460355475 -1.54488672425197 -0.856890478897637 -0.751478557029889 -0.521317121413068 0.349504402232951 0.387297741414695 0.0550313011085284 2.32326154099953 1.14710133121434
GS1_SS_21351_13641 -0.27740686457426 -0.488115043780765 -1.21945653957033 -1.51437980011018 -0.869980999624269 -0.779628786857725 0.207426518648475 0.625092407852307 0.490416468068214 0.492121226799659 1.48565461548535 1.84825679766353
GS1_SS_21562_12985 -0.722957698398314 0.225429158760213 -1.44436097126061 -0.113922536573762 0.0681138033073768 0.0164244722300163 -1.12523553591342 0.692880500677212 -0.015038598860551 -1.12253870124852 1.61924320807234 1.92196289920801
GS1_SS_21590_10025 0.6183097625385 0.253924805288104 -0.542189554191428 -1.50504341766931 -0.873570010078307 -0.833506742527216 -0.561648855573386 -0.108552377317003 0.103210608310191 -0.293606517910136 1.63858764283961 2.10408465629038
GS1_SS_21728_18197 0.0915826416258272 0.806574437156683 0.428121883315351 -0.325947912074691 -1.37661602816253 -0.85146688178987 -0.30412833486625 -0.315223035141728 -1.34209918286104 -0.36206732519375 1.80312507078969 1.74814466720232
GS1_SS_21815_19726 -0.30329688737385 -0.742420226805402 -1.72821319956737 -0.655921867101222 -0.230061609490978 0.367930383930584 0.650491692297571 -0.796914193419035 -0.0328453493654482 -0.142409938324076 1.53969483005654 2.07396636516269
GS1_SS_21874_16070 -0.0585263132064666 -0.827777545951119 -1.55970835084199 -1.84765475540346 -0.469051019598008 -0.184981435343767 0.155100963473771 0.415700502797556 0.920813190128841 0.824294842231143 1.20811613903766 1.42367378267585
GS1_SS_21932_20723 -0.122715353753918 -0.0837222180918393 -0.250884095321445 -0.903086673112816 -0.694558165006919 -1.19807822116506 -0.484334303176584 -0.286486523534647 -0.132039799238328 -0.0384562736493396 2.2548487093982 1.9395129166527
GS1_SS_21977_03836 0.444320846297762 0.638080052472226 -1.09231285816099 -1.07439293157838 -1.79902996276265 -0.935513500563162 -0.348635904982704 0.167681979678729 0.491360653577112 0.639200047883639 1.33382120204204 1.53542037609639
GS1_SS_22015_09572 0.173766673576268 0.410561770475288 -0.147222235553514 -0.532584330284733 -1.85740904649088 -0.992668433370754 -0.392085906124648 -0.231416047784276 0.0474759552301244 -0.103371291683325 2.18003505752515 1.4449178344853
GS1_SS_22068_13062 -0.0198381451185977 0.510647384936211 -0.778753387403413 -1.32056601062665 -0.699463735224403 -0.675488054684559 -0.733445014729693 -0.118006285911658 -0.140660472248519 0.0273580764165277 1.77871546514196 2.1695001794528
GS1_SS_22080_21719 0.045819107747515 -0.110463120228505 -0.524103614533868 -1.34448382944176 -0.964941275785706 -1.09686783186936 -0.621932229968208 0.392887432213742 0.329968613158461 0.30358330194173 1.25629600079814 2.33423744596781
GS1_SS_22107_17093 -0.136410380273051 -0.0880521952427227 -0.874971751645337 0.413114449617043 -0.358858031412561 -0.25796527264474 -0.575370814389258 -0.0133168183776699 -1.37833649582466 -0.71451050131743 2.27666305274033 1.70801475877006
GS1_SS_22250_03336 -0.117264476570123 -0.408754088484598 -1.11716525332901 -0.849712531595636 -0.84632705410534 -0.673667702100251 -0.263178556401876 0.424919743500761 0.0863719944711735 -0.314637814254373 2.07060035153359 2.00881538733569
GS1_SS_22275_14223 0.0528804636496605 0.15069963633493 -0.823618063876763 -1.03862654245231 -1.10835902199032 -0.798436890710258 -0.55824723896821 -0.14973112967468 0.311471741936461 -0.0081354559461016 1.84461778511251 2.12548471658507
GS1_SS_22299_07710 0.151742557134683 0.00658169250931644 -0.499881364229687 -1.72749428751435 -0.994417375979432 -0.809693630414086 -0.259885946762899 -0.0843256625917397 0.198287122946424 0.436828022731595 1.35681045635428 2.22544841581589
GS1_SS_22352_09188 -0.102263004194557 0.342148377091344 -0.211690932249879 -1.30150376676003 -0.964287090507913 -0.352383982606723 -0.524342155265086 -0.142461018582227 0.074161614506881 -0.832526932237219 1.89535498857046 2.11979390223495
GS1_SS_22419_14154 -0.193627168055513 0.148312024995593 -0.231080579668485 -1.31538452079871 -1.26823463206864 -0.388376708462318 -0.569186281766319 -0.145042282711921 -0.137867299644301 0.179061952428246 1.56526868109226 2.35615681466011
GS1_SS_22508_21280 -0.227944803106928 -0.197210672350938 -0.802853837248395 -0.537094000711302 -0.199793372414467 -0.0951940198415583 -0.743451735787237 -0.615091542629866 -0.50713467997437 -0.442825448392508 2.16880085584761 2.19979325660996
GS1_SS_22602_18626 -0.392927759991082 0.0237761129748579 -0.936546420615988 -0.402532329966787 -0.506261685704401 -0.95959738855768 -0.533154481636375 -0.172022650549865 -0.134372736245102 -0.279593834277762 2.10944690147911 2.18378627309107
GS1_SS_22768_18387 -1.07785482079481 -0.375633243615231 0.0508127025573398 0.0861685526864432 -0.426763242263473 -0.232034098475488 -1.07241545923649 -0.911954293265939 0.118804722036385 -0.223875056138002 1.76393962535136 2.3008046111579
GS1_SS_22842_10315 0.229440694927229 0.243431929118875 -0.482992950111395 -0.800127591788708 -1.16389968077151 -0.874747507477488 -0.49978243114137 -0.309501646134982 -0.150934325296325 -0.298308658781665 2.08505144831796 2.02237071913938
GS1_SS_23010_09502 -0.491401448346257 0.110991916813474 -0.0108017521299432 -0.143866814600258 -0.630728396109292 -0.754400630640526 -0.585329727737067 -0.294152061625555 -0.192396425618843 -1.07062583792292 2.69965529682421 1.36305588109298
GS1_SS_23080_13675 0.874854499056211 -0.440334127944382 0.148941588518828 -0.99222377176189 -2.07152408325984 -0.7029267810511 0.513900869107825 0.119121744860946 0.337986045140994 -0.0776002088223911 0.0893019012030648 2.20050232495173
GS1_SS_23260_15424 0.662197250460482 0.360990405184634 0.194284729811838 -1.39699671692849 -1.69062603150558 -1.22271351085693 0.268165654124781 0.561794968701866 1.34606939602389 -0.0292524258016849 -0.631666116353381 1.57775239713858
GS1_SS_23675_12708 0.418674434094626 0.113121687759873 0.51708866220858 -1.69863738789987 -1.53930006619157 -0.728554282205183 -0.466116340567972 -0.0915799067171518 -0.149784893058833 0.349315835233363 1.74623550743372 1.52953674991042
GS1_SS_23779_09323 -0.536434339336816 -0.443502153062274 -1.04782219997507 -1.39361638146174 -1.66786693919255 -0.111793122502541 0.235491551145707 1.01054747516755 1.26542163479781 0.778030697960995 0.421504972910949 1.49003880354798
GS1_SS_23803_18522 0.173321622997838 -0.307634035919318 -0.675299789189612 -1.13014402003946 -1.05012512757514 -0.677405549517621 -0.555271450493124 0.118571854469615 -0.172444222861168 0.234388672510086 2.06745303804154 1.97458900757636
GS1_SS_23813_10795 0.257483455330322 0.0496211518913566 -1.07391043652443 -0.681480742962937 -0.652810080419631 -0.0793968295535187 0.223437043560147 -0.892926879219816 -0.522000182565799 -0.638474749147979 1.61038034409256 2.40007790551973
GS1_SS_24006_09259 -0.171067163464295 0.533590902009607 0.035314460920162 0.26812076275989 -2.11744039639655 -0.12457930497817 -0.175960622252308 -0.297073727255635 -0.825567276361062 -0.516056008019226 2.08151425312789 1.3092041199097
GS1_SS_24069_19928 0.500690486324091 0.256650804949053 -0.0191573556582377 -1.60758131727091 -1.78086393126502 -1.07618130102231 -0.0991561624521849 0.211886129667242 0.155569280119156 0.506466573457228 1.2790182275143 1.67265856563758
GS1_SS_24092_00110 -0.651444458274845 0.138852206862107 -2.00529159771248 -0.186150666669884 -0.247014117894358 -0.744264536394957 -0.221395776333207 0.271452318462267 0.203826261546186 -0.211477287985515 1.874985468043 1.77792218635168
GS1_SS_24164_06695 -0.2275141239092 -0.460901015917123 0.183920500146002 -0.282853283869842 -0.232326224775343 -1.18752824670467 -0.866801723976261 -0.517202596050992 -0.715918301318356 0.167078147114503 1.9506833331503 2.18936353611098
GS1_SS_24193_19488 -0.357951540967256 -0.126865376329333 -0.980492100160503 -0.536138463097702 -0.307836469118068 -0.883324544186244 -0.196469642786539 -0.575116852313737 -0.154707082912216 -0.129649546987622 1.73908579885543 2.50946582000379
GS1_SS_24209_20279 -0.34342558286701 -0.16553980882455 -0.951093774486508 -1.55356822087849 -1.23674976199995 -0.827742325332978 0.152577086360872 0.609626666382375 0.594045430699824 0.442128382794949 1.63123635263499 1.64850555551648
GS1_SS_24242_09754 0.213223821651262 0.508256150280724 -1.29072146331356 -1.53358344114878 -0.89314741070922 -0.614845573886185 -0.426492617742864 0.157455515629839 0.281584970967845 0.233012575400799 1.18269285761722 2.18256461525292
GS1_SS_24274_09504 0.0475634254813223 0.187433735987661 -2.32872787129304 -0.483342161709406 -0.600652744714722 -0.24631462476533 -0.235034761014819 -0.0908029031916153 0.188937717821063 0.170889935820245 1.76556187377585 1.62448837780279
GS1_SS_24353_10888 0.220078701343782 0.8546655079769 -0.859058221166012 -0.700694312202311 -0.27989878267019 -1.18709774687654 -0.475591327318192 0.035697864478901 -0.734629435551676 -0.618118845385524 2.28718018163141 1.45746641573945
GS1_SS_24405_10591 -0.0496480144684923 -0.164349119969118 -0.931740272506303 -1.53581335350579 -1.36987520595413 -0.861871578800338 -0.0685707856805245 0.701440442870634 0.582081424456276 0.535502295318966 1.57174235884556 1.59110180939326
GS1_SS_24427_13391 -0.333292438655266 0.046002496046636 -0.238848760024582 -1.2689879589319 -0.712207318312377 -0.847126859213355 -0.346024282655781 -0.17822998038034 -0.149725852020979 -0.164928053812638 2.12186315069773 2.07150585726286
GS1_SS_24502_16612 -0.556384030357121 -0.329952518470177 -0.815541232767408 -1.12955652911856 0.194604359109184 -0.807974599120392 -0.88931591082581 -0.2321537785825 0.746968615341328 -0.0607695264775946 1.85075129859974 2.02932385266931
GS1_SS_24514_21235 0.208347346386122 -0.126942288120588 -0.519494871441928 -1.3889875416009 -0.707106374795121 -0.80693980529431 -0.712757323691301 -0.00638871166873744 0.178208952273159 -0.00638871166873744 1.44910735902416 2.43934197059819
GS1_SS_24657_09146 -0.620103037453364 -0.961189221633614 -1.01749205288807 -0.732345455889676 -0.715999472622252 -0.314251528316228 -0.513127658069888 0.275656845601477 1.03120451662908 -0.105749430638419 1.41969405228486 2.2537024429961
GS1_SS_24729_02730 -0.496990594238143 0.000846955462293035 -0.576747959466967 -0.309224874800954 -0.515939428309785 -0.87768989695024 -0.527997777264467 -0.533510165358036 -0.495267972958902 -0.0215471211678303 2.1834081162597 2.17066071879333
GS1_SS_24763_13507 0.199680795266516 0.468460328995983 -0.700730642727198 -0.437710670434791 -0.848559386278404 -0.622016636420711 -1.28628605549496 -0.591298975423057 -0.209632037527215 0.053771905527663 1.9519313698014 2.02239000471477
GS1_SS_24775_01716 -0.324257718273888 -0.924561088067477 -0.607896203677979 -0.512702465425921 -0.264033108359321 -0.26986129641557 -0.524358841538418 -0.285403131232232 -0.672006272296712 0.0602084205032998 2.3874039113633 1.93746779342092
GS1_SS_24838_10964 -0.493386045852334 -0.384504804632233 -0.276606689743691 -0.297989687455087 -0.8753306256628 -0.759813281704679 -0.529270156954218 -0.331415982728075 -0.101118639560504 -0.304134227027328 1.92141800603816 2.43215213528279
GS1_SS_25030_08992 -0.0192159488435613 -0.116961815793469 -0.601248156590738 -0.595027965057562 -1.26325425547875 -1.08997749134028 -0.26358061621833 -0.17472073717296 0.0807514150824804 -0.0258804397719641 1.81040896070062 2.25870705048451
GS1_SS_25059_12370 0.674774522904752 0.324598501471054 -0.579544504689723 -1.48177398067873 -0.901974338632772 -1.10480853684027 -0.858728556750796 0.290154958379215 -0.0370587009932565 0.21552728168023 1.62350278206774 1.83533057208255
GS1_SS_25069_17129 0.494612308682602 -0.654744626570612 -0.191577325287939 -0.00836512108370197 -0.463613203259416 -0.821690326663257 -0.877338893360806 -0.763901430477341 -0.526324857268577 -0.34439685075736 2.0110357511908 2.14630457485561
GS1_SS_25079_09798 -0.446412737856308 -0.151387086263042 -0.325124414423521 -0.72668710686991 -1.2987090646813 -1.15447430168015 -0.684072290528661 -0.130792656750434 0.16822403629633 1.42044402416997 1.82643210139026 1.50255949719676
GS1_SS_25083_16620 -0.428410577584354 -0.372148421518684 -0.778118488816061 -0.218806466751469 -1.78752775940601 -1.34625594712625 0.196319990650713 -0.0114087149799829 0.985865580772269 0.879960345825127 1.64435344264674 1.23617701628796
GS1_SS_25140_00465 -0.435612158115264 -0.561155450280101 -0.901703986900468 -1.07321391753511 -0.940256651423529 -0.366415067945668 -0.312045925669557 0.204460925953496 0.115493238592587 0.229174172442637 1.75497001068222 2.28630481019876
GS1_SS_25159_19209 -0.852383753797986 -0.126427794290721 -1.15369997516965 0.361780766919068 -0.121342288444786 -0.558187240610628 -0.789832031892981 -0.228137911209427 -0.712405205388616 0.115133733391206 1.96778351306544 2.09771818742908
GS1_SS_25166_06890 -0.208372755425413 0.0470699885478843 -0.384605033976718 -1.01760832384474 -0.451247492252421 -0.859507597004479 -0.721419620397165 -0.489271717695015 0.0330610633848235 -0.161062613874733 1.81739787415411 2.39556622838386
GS1_SS_25242_11288 0.031646087051561 0.0995920974857949 -2.30178744936795 -0.844471843968335 -0.796603813134041 -0.516043965744152 0.0324438875654659 0.313668568716943 0.684645807682721 0.356217929458537 1.30014890416035 1.64054379009311
GS1_SS_25326_10960 1.21162125249333 -0.86387255988391 -0.428669298940991 -1.5651647711316 0.0290036955832204 -1.08029157279846 -0.563487700428743 0.660521470973217 0.603755828241532 0.431093664932656 -0.53155702639217 2.09704701735192
GS1_SS_25368_21305 -0.122518258557102 -0.41816487749973 -0.682975048856709 -1.71259880722496 -1.13419764347156 -0.493078281238875 0.102047735442336 0.477311623010055 0.287414855392221 0.130096707540016 1.48097701589661 2.08568497956771
GS1_SS_25463_00418 0.0876844148729987 0.0239593680825044 -0.350893848332168 -0.886933947805148 -0.697633073515739 -1.13433707063883 -0.133478982811658 -0.184084167027639 -0.738866927321353 -0.144724579304098 2.2211614960971 1.93814731770403
GS1_SS_25489_01178 0.620887089605058 0.327294177112876 -0.550766107470223 -1.01380925032055 -1.05911679854465 -1.64811492545798 -0.995686231030905 0.344511045438035 0.304640403000825 0.605482523208863 1.34182079694697 1.72285727751167
GS1_SS_25656_12097 0.317320808772844 0.367372418912232 -0.330410596675763 -1.6671383034065 -2.06544810874939 -0.72712716279728 -0.0643396467067125 0.569769563399167 0.764941368017183 0.377672710478399 1.1781479600799 1.27923898867592
GS1_SS_25671_05255 0.381573175306748 0.7617884389576 -1.27281585879309 -1.26149992832729 -0.967285736216513 -0.967285736216513 -0.727388010341571 -0.0461689963004606 0.542259387921096 0.310395972676871 1.63005978359837 1.61636750773475
GS1_SS_25874_14513 -0.0601999985294669 0.121503805212507 -1.13344115708019 -1.10457232844829 -1.10796866122851 -0.941548354997545 -0.721635807478053 0.542649069960259 0.812657525988051 0.277735113102802 1.25995455314353 2.05486624035491
GS1_SS_25875_16979 -0.208264657287672 0.176686622608674 -0.768047976803608 -1.37113831530788 -1.00222667207389 -0.926038397927733 -0.0699227910749222 -0.140096201472694 0.264904624251587 0.184706440939848 1.8373905035365 2.02204682061178
GS1_SS_26014_04519 -0.309202306367982 -0.369982731937716 -0.520474287243782 -2.45351236833032 8.37866058636589e-05 0.457396486997141 0.206036669406191 -0.11019019788565 0.0779242462469322 -0.182516958302143 1.46170058399118 1.74273707682028
GS1_SS_26176_11487 0.271495830003483 0.747317132621888 -0.141883307981088 -1.10943665709094 -1.41264139882255 -1.00736773413179 -0.551059607961458 -0.204325472614922 -0.0212018167176182 -0.153741315207225 2.19054168299286 1.39230266490936
GS1_SS_28033_17201 1.07294689024709 0.191875849654136 -1.889767406118 -0.861021558344683 0.514326833122869 -0.894206908272855 -0.704312961461651 0.567792119118256 0.805620460270152 0.310605657174927 -0.875770602757204 1.76191162736696
GS1_SS_28769_19160 -0.569004098839467 -0.452475292566336 -1.99614518722789 -0.601167396524681 -0.704561452957778 -0.400441475892351 0.544923724132736 0.785727471200046 0.0784717105827736 0.218238920419044 0.953784911461007 2.1426481662129
GS1_SS_29456_19014 0.603232581148236 0.0416663429843032 -0.632415306658155 -0.641422829118305 -0.933212646468284 -0.852347108172678 -0.67466755041761 -0.302012194772024 -0.275057015340155 -0.423535128710699 1.87012601444607 2.2196448410793
GS1_SS_30654_16413 0.454880647352762 0.713563390502418 0.0376776553310335 -0.92029289913194 -1.82367201251468 -1.16155141605908 -0.629442353725332 -0.0657016191722463 0.387864392650778 -0.200538323632637 1.71827108099455 1.48894145740437
GS1_SS_32426_19978 -0.0207870717087942 0.153504795555094 -0.480793107094555 -0.557979505454277 -0.605909768951846 -1.04993904983842 -0.867347569847677 -0.481208087730898 0.0974824096488439 -0.386551004581153 2.05971834859478 2.1398096114089
GS1_SS_33513_19414 -0.470316701378376 -0.233895647332351 -0.560586558377768 -1.34077603672965 -1.09145928882657 1.42105173098982 -0.711251248274371 0.0691531583084623 -0.412286079021625 -0.0426095217860223 1.81007182901101 1.56290436341744
GS1_SS_33642_18483 0.2335086794603 0.660260076752687 -0.569147140127935 -0.167092844976724 -1.50618425077845 -1.1030403775916 -0.286837471093575 -0.0261740857005998 -0.848805502608904 -0.0770210606971395 1.68246587052241 2.00806810683954
GS1_SS_37463_17491 0.269466287772303 0.35115024162716 -0.774726922338961 -1.9114952801524 -1.13685911776216 -0.752944534644332 -0.291430195364387 0.124885689449205 0.597563502422647 0.359318637012646 1.36443968919667 1.80063200278161
GS1_SS_38607_21092 0.615278334195776 -0.0505750281120504 -2.29815910483491 -0.132161803730796 -0.724323884834595 -0.0808410900351334 0.378413501754257 -0.401792937993392 0.61396241845999 0.78108371690484 -0.701953317326229 2.00106919555224
